09_001136 09_001137 0.9999903 0.0016250863 0.0041000196 -0.00015416894 -0.0016180051 0.9999972 -0.00172986 0.00011827006 -0.004102819 0.0017232093 0.9999901 -0.017531598 0.0 0.0 0.0 1.0
10_000346 10_000348 0.99998266 0.004750725 0.003482168 -3.0408355e-05 -0.0047343844 0.9999778 -0.0046860147 0.0008105919 -0.0035043529 0.0046694474 0.99998295 -0.0327717 0.0 0.0 0.0 1.0
00_002771 00_002766 0.9999401 0.01063716 -0.002587847 -0.0006141033 -0.010636102 0.9999434 0.00042209253 -0.0022351476 0.0025921902 -0.0003945426 0.99999654 0.0955344 0.0 0.0 0.0 1.0
07_000136 07_000137 0.99849313 -0.0016742275 -0.054851137 -0.00082078244 0.0020814256 0.9999707 0.007367406 0.00019680848 0.054837197 -0.0074704727 0.9984674 -0.008299825 0.0 0.0 0.0 1.0
05_001771 05_001773 0.9996816 0.0022511866 -0.025132451 8.739244e-05 -0.0022382892 0.9999974 0.0005412952 0.0006707263 0.025133602 -0.00048486915 0.999684 -0.029768825 0.0 0.0 0.0 1.0
09_000724 09_000725 0.9996582 0.003209875 -0.025944244 7.327239e-06 -0.0032429881 0.999994 -0.0012343507 0.00041512225 0.025940126 0.0013180658 0.99966264 -0.019785218 0.0 0.0 0.0 1.0
02_000127 02_000128 0.9999961 -0.002786577 0.00017870625 -9.040282e-05 0.0027866915 0.9999959 -0.0006431495 3.959561e-05 -0.00017691332 0.000643645 0.99999976 -0.022717603 0.0 0.0 0.0 1.0
00_003783 00_003780 0.9998138 -0.001577509 0.019231264 0.001003427 0.001576598 0.99999875 6.252826e-05 -0.0010485819 -0.01923134 -3.219665e-05 0.99981505 0.061390817 0.0 0.0 0.0 1.0
00_002928 00_002930 0.99999624 -0.0014523608 0.0023232752 7.7474986e-05 0.0014611955 0.9999917 -0.0038055559 0.0007902203 -0.0023177287 0.0038089363 0.99999005 -0.03923167 0.0 0.0 0.0 1.0
08_000810 08_000807 0.9911888 0.008159628 -0.13220495 -0.0052560153 -0.008024393 0.9999666 0.00155567 -0.00065361965 0.13221322 -0.0004810984 0.9912212 0.040371314 0.0 0.0 0.0 1.0
08_002572 08_002569 0.9999991 -0.0005804736 0.0011919518 -0.00020115248 0.00057804753 0.99999774 0.0020347266 -0.0010800066 -0.0011931303 -0.0020340357 0.9999972 0.05647507 0.0 0.0 0.0 1.0
00_004110 00_004114 0.999888 -0.0008814749 0.0149381505 -0.00067068095 0.0009208856 0.9999961 -0.0026315888 0.0017420806 -0.014935773 0.0026450504 0.99988496 -0.09824271 0.0 0.0 0.0 1.0
07_000770 07_000775 0.9993861 -0.016112933 0.03111017 -0.00022212445 0.0161307 0.9998698 -0.0003202034 0.0010245881 -0.03110096 0.00082183565 0.9995159 -0.09441536 0.0 0.0 0.0 1.0
02_004197 02_004199 0.99337566 0.00033706648 -0.11491176 0.0004677007 -0.0017710498 0.99992186 -0.012377128 0.0008403358 0.11489861 0.012498653 0.9932986 -0.02938721 0.0 0.0 0.0 1.0
07_000438 07_000436 0.99999684 -0.0024862625 -0.00040650964 -0.00014636801 0.0024874832 0.9999923 0.003030111 -0.0010225904 0.0003989729 -0.0030311127 0.99999535 0.030618189 0.0 0.0 0.0 1.0
06_000074 06_000069 0.9998393 -0.0017130895 0.017843837 0.0011739592 0.0017890806 0.9999894 -0.0042435746 -0.0028383872 -0.017836379 0.0042748167 0.9998318 0.11569357 0.0 0.0 0.0 1.0
02_002837 02_002832 0.99882317 -0.047924682 -0.0074524297 0.002245911 0.047934443 0.9988498 0.0011367197 -0.0007677954 0.0073893815 -0.0014926101 0.99997157 0.121779986 0.0 0.0 0.0 1.0
00_000622 00_000626 0.99998623 -0.005110643 0.0012096221 -0.0003430483 0.005127369 0.99988526 -0.014253896 0.0014771 -0.0011366368 0.014259902 0.99989766 -0.078636415 0.0 0.0 0.0 1.0
00_000413 00_000416 0.9898961 -0.021448433 0.14016278 0.00092116784 0.020911422 0.99976724 0.005303158 -0.00020436844 -0.1402439 -0.0023185725 0.9901143 -0.027975764 0.0 0.0 0.0 1.0
00_002428 00_002433 0.9602384 -0.0126989875 -0.2788924 0.0028939385 0.012738045 0.99991745 -0.0016722556 0.0013442495 0.2788906 -0.00194678 0.9603209 -0.056053426 0.0 0.0 0.0 1.0
02_003463 02_003467 0.9985731 -0.016403798 -0.050819237 0.0022871322 0.016513286 0.99986213 0.0017353081 0.0011438708 0.05078377 -0.0025720247 0.99870634 -0.07690174 0.0 0.0 0.0 1.0
01_000469 01_000467 0.999998 -0.0006123635 -0.0019300374 0.0006953207 0.0006150125 0.99999887 0.0013722107 -0.0019469823 0.0019291949 -0.001373395 0.9999972 0.10440869 0.0 0.0 0.0 1.0
03_000689 03_000688 0.9999968 0.0014206247 -0.002107337 -9.354596e-05 -0.0014215949 0.99999887 -0.00045895355 -4.4070763e-05 0.0021066826 0.00046194784 0.9999977 0.0148735745 0.0 0.0 0.0 1.0
09_000299 09_000302 0.9982051 -0.0115451515 -0.058764376 0.002555071 0.011377012 0.9999302 -0.0031950236 0.0018164295 0.05879716 0.0025207258 0.99826676 -0.075268984 0.0 0.0 0.0 1.0
09_000674 09_000673 0.99981344 -0.0003612496 0.01931257 0.00044971544 0.000373318 0.99999976 -0.0006212973 -0.00036395103 -0.01931234 0.0006283911 0.9998133 0.01672362 0.0 0.0 0.0 1.0
05_002035 05_002033 0.999911 -0.009618858 0.009242985 0.00067761424 0.009625271 0.99995345 -0.000649558 -0.000936035 -0.009236308 0.00073846645 0.9999571 0.043544598 0.0 0.0 0.0 1.0
00_001029 00_001027 0.999999 0.00047954379 0.0013471051 0.00043953495 -0.0004902742 0.99996805 0.007976544 -0.00033085808 -0.001343237 -0.007977196 0.9999673 0.037303895 0.0 0.0 0.0 1.0
00_003014 00_003015 0.9998543 -0.00019057513 -0.017067079 -6.549683e-05 0.00021932632 0.99999857 0.0016827437 0.000107253916 0.017066732 -0.0016862418 0.99985296 -0.017080773 0.0 0.0 0.0 1.0
09_001383 09_001386 0.99998724 0.0039038924 0.0032117786 1.2406161e-05 -0.0039261994 0.999968 0.006968624 0.0011740653 -0.003184471 -0.0069811447 0.99997056 -0.08751713 0.0 0.0 0.0 1.0
09_000488 09_000492 0.9997337 0.0008319267 0.023063356 -0.00054100377 -0.0008640051 0.9999987 0.001380954 0.0018135459 -0.023062175 -0.0014005131 0.99973303 -0.0887381 0.0 0.0 0.0 1.0
00_003851 00_003855 0.99974555 -0.019250236 -0.011757162 0.00044933797 0.01923407 0.9998139 -0.0014865369 0.0018985877 0.011783591 0.0012600207 0.9999298 -0.08851682 0.0 0.0 0.0 1.0
00_003600 00_003596 0.99998915 -0.0005675379 0.004617567 0.00029935504 0.0006092914 0.9999589 -0.009045946 -0.0014121749 -0.0046122437 0.009048662 0.99994844 0.09967324 0.0 0.0 0.0 1.0
05_002232 05_002233 0.9999948 -5.7586192e-05 -0.0032228606 9.983607e-05 4.5550198e-05 0.999993 -0.0037345183 0.000580945 0.0032230532 0.003734352 0.99998784 -0.02300435 0.0 0.0 0.0 1.0
06_000168 06_000166 0.99999756 0.000634991 0.0021079523 0.00015252766 -0.00063654967 0.9999995 0.0007388447 -0.0011900833 -0.0021074822 -0.0007401847 0.9999975 0.04765301 0.0 0.0 0.0 1.0
02_000351 02_000356 0.9999639 0.008288798 0.0018849928 0.0017079245 -0.008291558 0.99996454 0.0014614436 0.00091637543 -0.0018728124 -0.0014770203 0.99999714 -0.13393658 0.0 0.0 0.0 1.0
08_000852 08_000857 0.9999103 -0.010404923 0.008433979 0.00017603565 0.0104247285 0.999943 -0.002307762 0.0023610033 -0.008409486 0.0023954767 0.9999618 -0.103357434 0.0 0.0 0.0 1.0
00_000171 00_000172 0.99993813 1.7967495e-05 -0.011123417 -0.00035798555 -1.085494e-05 0.9999998 0.0006394818 0.00034072154 0.011123426 -0.0006393215 0.99993795 -0.015599246 0.0 0.0 0.0 1.0
10_000287 10_000283 0.9994872 -0.00033951818 0.03201813 0.0009789831 0.00032792104 0.9999999 0.00036745612 -0.000998464 -0.03201825 -0.00035676826 0.9994872 0.059484895 0.0 0.0 0.0 1.0
02_001116 02_001112 0.99986315 -0.00614201 -0.015359357 -0.00090725324 0.006248691 0.9999566 0.0069073588 -0.00087347283 0.015316266 -0.0070023895 0.9998582 0.065882646 0.0 0.0 0.0 1.0
09_000737 09_000735 0.99883944 -0.0050924025 0.047894612 0.001578283 0.004963986 0.9999838 0.0027997873 -0.0009190926 -0.047908094 -0.00255879 0.9988485 0.042182844 0.0 0.0 0.0 1.0
09_000177 09_000181 0.9989483 -0.002864812 -0.045761738 0.0026867895 0.002661819 0.99998635 -0.0044961865 0.0013055047 0.045773994 0.0043696486 0.99894226 -0.07795226 0.0 0.0 0.0 1.0
00_003799 00_003798 0.99999964 0.00034834896 0.0008057422 0.000119619835 -0.00035139377 0.9999928 0.0037818307 -0.00037329443 -0.000804419 -0.0037821124 0.99999255 0.023775475 0.0 0.0 0.0 1.0
07_000338 07_000339 0.9987665 0.0034388043 0.049534388 0.000790463 -0.0034209474 0.99999404 -0.00044527405 0.0001652705 -0.049535625 0.00027527026 0.9987723 -0.009282993 0.0 0.0 0.0 1.0
01_000811 01_000814 0.9999867 0.0007411351 0.005098199 -0.0006041429 -0.00073212566 0.99999815 -0.0017688224 0.00270421 -0.0050995005 0.0017650664 0.99998546 -0.13232328 0.0 0.0 0.0 1.0
08_003438 08_003442 0.98415965 -0.013077917 -0.1768013 -0.0001863316 0.010121784 0.99979365 -0.01761167 1.1512828e-05 0.17699514 0.015543151 0.98408896 -0.03594742 0.0 0.0 0.0 1.0
00_003207 00_003212 0.9999919 -0.0017031108 -0.0036448902 0.00032147986 0.0017663307 0.9998468 0.017412469 0.0008749676 0.0036146767 -0.017418766 0.99984175 -0.115295604 0.0 0.0 0.0 1.0
09_001311 09_001315 0.99995774 -0.0013414955 0.009096237 -0.00017140617 0.0013188027 0.999996 0.002500289 0.002360578 -0.009099554 -0.002488187 0.9999555 -0.11584435 0.0 0.0 0.0 1.0
08_001405 08_001408 0.9998908 0.008009834 0.012417851 -0.00045325945 -0.007982559 0.9999656 -0.0022444816 -4.6057634e-05 -0.012435402 0.0021451104 0.99992037 -0.026368156 0.0 0.0 0.0 1.0
02_001791 02_001792 0.9978763 0.00080553896 0.06513293 0.0009433421 -0.000615989 0.9999955 -0.0029302314 -0.00014817828 -0.065134995 0.0028838872 0.9978723 -0.007883917 0.0 0.0 0.0 1.0
08_001096 08_001100 0.9952259 0.008328648 -0.09724187 0.0011635826 -0.008889439 0.99994624 -0.0053351396 0.0011354542 0.09719221 0.006174095 0.99524647 -0.064250104 0.0 0.0 0.0 1.0
08_002444 08_002448 0.9999901 0.00017340943 -0.00444963 -0.00031399544 -0.00017128715 0.9999999 0.0004773316 0.0002873478 0.0044497126 -0.00047656472 0.99999 -0.055486295 0.0 0.0 0.0 1.0
02_002977 02_002980 0.9999544 0.0058884807 -0.0075151166 0.0012278205 -0.005921395 0.99997294 -0.0043650125 0.0012424252 0.00748921 0.0044093137 0.9999622 -0.07676377 0.0 0.0 0.0 1.0
02_000856 02_000858 0.9999978 0.00096907374 -0.0018499827 -0.00069771643 -0.0009593329 0.9999857 0.005258999 0.001216744 0.0018550527 -0.0052572126 0.99998444 -0.04528009 0.0 0.0 0.0 1.0
00_001341 00_001346 0.9999817 0.0021129306 0.0056672 0.00017826502 -0.002095485 0.999993 -0.0030825005 0.0018332024 -0.0056736735 0.0030705684 0.9999792 -0.080515824 0.0 0.0 0.0 1.0
02_001111 02_001113 0.999977 0.00085743744 0.006728787 0.00030718755 -0.000856327 0.99999964 -0.00016790547 0.0004341731 -0.0067289285 0.00016213956 0.99997735 -0.032735378 0.0 0.0 0.0 1.0
08_004027 08_004032 0.99796325 -0.0022148897 -0.06375284 -0.0009046277 0.0026348783 0.9999754 0.0065044425 0.00016648116 0.063736856 -0.0066591757 0.99794453 -0.0059459745 0.0 0.0 0.0 1.0
02_004248 02_004246 0.99999744 -0.0015395891 -0.0016471723 0.00015222747 0.0015336032 0.99999225 -0.003629216 -0.0005590484 0.0016527469 0.0036266807 0.9999921 0.05139425 0.0 0.0 0.0 1.0
07_000995 07_000997 0.9999952 -3.323369e-05 -0.003103369 -0.0002978084 3.661347e-05 0.9999994 0.0010890177 0.0002783338 0.0031033307 -0.0010891261 0.9999946 -0.019631857 0.0 0.0 0.0 1.0
01_000885 01_000881 0.99769795 -0.011554238 0.066822976 0.0049052644 0.011566592 0.99993306 0.0002020135 -0.0027865004 -0.06682084 0.00057136564 0.9977648 0.124802485 0.0 0.0 0.0 1.0
06_000898 06_000903 0.9999466 0.004549015 -0.009277595 4.881139e-05 -0.0045132022 0.9999823 0.0038774314 0.0022912885 0.00929507 -0.0038353526 0.99994946 -0.10939389 0.0 0.0 0.0 1.0
02_000194 02_000191 0.99841225 0.0064670425 0.055957135 0.0025677818 -0.0064698816 0.9999791 -0.0001304193 -0.00052478403 -0.055956807 -0.00023182383 0.9984332 0.074270755 0.0 0.0 0.0 1.0
00_002959 00_002961 1.0 0.00013548069 0.00016664591 -9.856484e-05 -0.00013526028 0.9999991 -0.0013218991 0.0007930461 -0.00016682486 0.0013218765 0.9999991 -0.040932003 0.0 0.0 0.0 1.0
07_000743 07_000748 0.9751956 -0.0065202154 0.2212489 0.0011839394 0.0055441945 0.999972 0.005032155 0.00015870722 -0.22127551 -0.0036806883 0.9752044 -0.029063558 0.0 0.0 0.0 1.0
05_001227 05_001223 0.9875554 -0.0035564406 0.15723154 0.006822451 0.0029586405 0.9999875 0.0040359264 -0.00072578277 -0.15724392 -0.003520509 0.98755354 0.050971586 0.0 0.0 0.0 1.0
00_004215 00_004220 0.9999279 -0.00956322 0.0072662025 -0.0005461689 0.009561957 0.9999543 0.00020853685 0.0019177666 -0.0072678644 -0.00013904269 0.9999736 -0.13247323 0.0 0.0 0.0 1.0
09_000573 09_000569 0.9996421 -0.012880506 -0.023448166 -0.0010637898 0.012587255 0.9998413 -0.012611286 -0.0022972124 0.023606883 0.012311624 0.99964553 0.08756624 0.0 0.0 0.0 1.0
02_001427 02_001426 0.99978894 1.2981904e-05 0.020545537 0.00046485866 -3.2192531e-06 0.9999999 -0.00047520435 -0.00062011334 -0.02054554 0.0004750379 0.9997888 0.019412955 0.0 0.0 0.0 1.0
03_000321 03_000317 0.99982625 -0.0036445856 0.018281946 0.0014894791 0.0036226392 0.99999267 0.0012334189 0.00059413014 -0.018286308 -0.0011669757 0.9998321 0.072937086 0.0 0.0 0.0 1.0
05_001484 05_001486 0.9999916 -0.001738495 0.003720478 0.00021125222 0.0017437914 0.9999975 -0.0014208078 0.0011272704 -0.0037179985 0.0014272835 0.9999921 -0.039978247 0.0 0.0 0.0 1.0
02_001594 02_001596 0.99997616 0.0005963585 -0.006881464 0.00061631814 -0.0006227182 0.9999925 -0.0038290352 0.0013443317 0.0068791285 0.0038332292 0.999969 -0.044534024 0.0 0.0 0.0 1.0
02_000952 02_000955 0.9999943 -0.0031842238 -0.0011360265 -0.00047516494 0.003177341 0.9999769 -0.006009846 0.0022061889 0.001155137 0.006006202 0.9999813 -0.055977464 0.0 0.0 0.0 1.0
01_000307 01_000309 0.99999976 -0.00055002654 0.00036110438 -0.000318005 0.0005505188 0.9999989 -0.0013646233 0.0019135253 -0.0003603534 0.0013648218 0.999999 -0.10675613 0.0 0.0 0.0 1.0
05_001079 05_001075 0.9999994 -0.0002163478 0.0010759012 -0.00023616088 0.00022064966 0.99999195 -0.0039998554 -0.0019459715 -0.0010750273 0.00400009 0.9999914 0.076125525 0.0 0.0 0.0 1.0
10_000665 10_000667 0.99930245 0.005965078 0.03686587 0.0012982108 -0.005968586 0.9999822 -1.4895997e-05 0.00022266324 -0.036865305 -0.00020515152 0.9993202 -0.0221563 0.0 0.0 0.0 1.0
07_000540 07_000537 0.9980017 -0.00929862 0.062499598 0.0027672192 0.008948041 0.99994266 0.005886865 -0.0011772898 -0.06255075 -0.005315852 0.9980276 0.052667208 0.0 0.0 0.0 1.0
00_003668 00_003664 0.99908435 0.010767564 -0.04140615 -0.0019456336 -0.010649933 0.9999386 0.0030604484 -0.0009374764 0.041436564 -0.0026166735 0.9991377 0.046017103 0.0 0.0 0.0 1.0
00_004241 00_004239 0.99996537 -0.008236555 -0.0011682499 0.00049074745 0.008239901 0.99996185 0.002888109 -0.00093643175 0.0011444173 -0.0028976356 0.9999952 0.052455157 0.0 0.0 0.0 1.0
05_001707 05_001704 0.9999997 0.0005767436 -0.00053103257 -0.00048155134 -0.0005770866 0.99999964 -0.00064587593 -0.0014766983 0.00053065986 0.00064618216 0.99999964 0.06806115 0.0 0.0 0.0 1.0
04_000169 04_000164 0.99998707 -0.005076672 0.0003549439 0.00015908098 0.0050763017 0.9999866 0.0010369788 -0.0023913393 -0.00036020356 -0.0010351635 0.9999994 0.14937955 0.0 0.0 0.0 1.0
01_000869 01_000864 0.9998605 -0.014321823 0.0085910885 0.0011468425 0.014331526 0.9998967 -0.0010689191 -0.004579746 -0.008574892 0.0011918934 0.9999625 0.18186536 0.0 0.0 0.0 1.0
06_000728 06_000733 0.99843025 -0.019591099 0.05247102 8.071108e-05 0.019455707 0.9998059 0.0030898852 0.0011653412 -0.052521374 -0.002064174 0.99861765 -0.09163689 0.0 0.0 0.0 1.0
10_001141 10_001145 0.9999984 -0.00022079253 0.0017874541 0.00017545052 0.00021833494 0.99999905 0.0013749808 0.00016984553 -0.001787756 -0.0013745882 0.99999744 -0.0069623427 0.0 0.0 0.0 1.0
02_002120 02_002118 0.9999855 -0.0010493298 -0.0052814647 6.612495e-05 0.001032579 0.99999446 -0.0031733545 -0.00081360416 0.005284765 0.003167855 0.99998105 0.052735224 0.0 0.0 0.0 1.0
08_000219 08_000217 0.9999956 -0.0029021986 -0.0006728079 3.6039684e-05 0.0029077777 0.9999601 0.008445107 -0.0003273932 0.0006482717 -0.008447027 0.9999641 0.048126847 0.0 0.0 0.0 1.0
09_000780 09_000781 0.9999999 0.00036769072 -0.0002578775 0.00014980324 -0.00036787963 0.99999964 -0.0007328198 0.0006198542 0.00025760793 0.0007329146 0.9999997 -0.026498029 0.0 0.0 0.0 1.0
00_003890 00_003893 0.9996132 -0.0025601422 -0.027691342 0.0002940441 0.0026969668 0.9999843 0.0049048397 0.0014651534 0.027678352 -0.0049776253 0.99960446 -0.048380837 0.0 0.0 0.0 1.0
03_000057 03_000055 0.9998578 0.007941785 0.014877259 5.249427e-05 -0.007949229 0.9999683 0.0004412777 -9.3458344e-05 -0.014873283 -0.00055947766 0.99988925 0.019820143 0.0 0.0 0.0 1.0
05_002357 05_002355 1.0 -1.6170377e-05 9.9696794e-05 8.452874e-05 1.6168888e-05 1.0 1.4941584e-05 -5.0270806e-05 -9.9697034e-05 -1.4939972e-05 1.0 4.5438937e-05 0.0 0.0 0.0 1.0
02_000088 02_000087 0.9997452 -0.000374893 0.022569073 0.00045020002 0.0002862838 0.99999225 0.0039292355 -0.000520655 -0.022570372 -0.0039217733 0.99973756 0.019637875 0.0 0.0 0.0 1.0
00_002614 00_002619 0.9983861 -0.0068387063 -0.056377605 0.0019618592 0.006703246 0.9999742 -0.0025914942 0.0009956774 0.05639387 0.002209399 0.9984062 -0.0879076 0.0 0.0 0.0 1.0
00_000981 00_000977 0.9997701 0.0056466637 -0.020683767 -0.0014066986 -0.0054886206 0.99995536 0.007689753 -0.00016448012 0.020726265 -0.00757446 0.9997565 0.06482916 0.0 0.0 0.0 1.0
00_000359 00_000364 0.99975073 0.0035410402 -0.022044752 0.0027539523 -0.0036404328 0.9999834 -0.0044701747 0.00023784557 0.022028556 0.004549313 0.999747 -0.068425566 0.0 0.0 0.0 1.0
10_000865 10_000868 0.98113865 0.005627381 -0.19322337 -9.765018e-05 -0.0045902096 0.9999726 0.0058150045 0.00041451838 0.19325079 -0.0048183897 0.9811376 -0.030868137 0.0 0.0 0.0 1.0
08_000020 08_000022 0.99994963 0.008675168 -0.0050460943 -0.00053939 -0.008679858 0.9999619 -0.00090829073 0.007368392 0.0050380225 0.0009520443 0.9999868 -0.009391311 0.0 0.0 0.0 1.0
05_002636 05_002635 0.9999788 -0.0014154491 -0.0063583017 -0.00021139426 0.001432151 0.9999955 0.0026230053 -0.00033134033 0.0063545606 -0.0026320557 0.99997634 0.019488823 0.0 0.0 0.0 1.0
07_000146 07_000149 0.9967502 0.0016034346 -0.080539085 -5.4825523e-05 -0.0021244136 0.99997735 -0.0063833757 0.00050458824 0.08052703 0.006533729 0.996731 -0.035641 0.0 0.0 0.0 1.0
08_001284 08_001280 0.9999412 0.0029690883 0.0104336385 0.00029301434 -0.0029689046 0.9999956 -3.3083892e-05 -0.000573128 -0.010433691 2.1054664e-06 0.9999456 0.04223414 0.0 0.0 0.0 1.0
02_003580 02_003583 0.9999272 -0.009746302 -0.0071146204 0.00092395046 0.009687366 0.9999189 -0.008271784 0.0019574969 0.0071946625 0.008202259 0.99994045 -0.07876896 0.0 0.0 0.0 1.0
08_002892 08_002887 0.991919 -0.0128056165 0.1262248 0.007619332 0.01172835 0.99988824 0.009274021 -0.0017771233 -0.12632945 -0.0077186693 0.9919583 0.09140743 0.0 0.0 0.0 1.0
07_000423 07_000427 0.9999959 -0.0014837795 -0.0024542434 -0.0008081784 0.001492634 0.9999924 0.0036098962 0.0020346341 0.0024488685 -0.0036135446 0.99999046 -0.072322935 0.0 0.0 0.0 1.0
02_004656 02_004658 0.9999232 0.011606606 -0.0043407106 -1.5467054e-05 -0.01156921 0.9998966 0.008543171 0.0014488397 0.004439419 -0.008492297 0.9999541 -0.053217288 0.0 0.0 0.0 1.0
08_001686 08_001682 0.99973994 0.010111784 0.020439815 0.00073791126 -0.010257664 0.9999226 0.007044894 -0.0009840174 -0.020366997 -0.0072527267 0.9997663 0.08276622 0.0 0.0 0.0 1.0
03_000499 03_000501 0.99997497 -0.0044225547 0.0055257925 0.0001685902 0.0044106 0.9999879 0.002173871 -2.3245862e-05 -0.00553534 -0.0021494445 0.99998236 -0.022955708 0.0 0.0 0.0 1.0
09_000412 09_000407 0.9999879 0.0009168985 -0.0048361947 -0.001674142 -0.0008746438 0.9999615 0.008732064 -0.0014864146 0.0048440145 -0.008727728 0.9999502 0.09688578 0.0 0.0 0.0 1.0
07_000306 07_000310 0.9961421 -0.006691538 0.087499626 0.001276714 0.0051869736 0.99983495 0.017411169 0.00047041243 -0.0876017 -0.016890138 0.9960124 -0.017934198 0.0 0.0 0.0 1.0
08_002468 08_002471 0.9983914 0.00555618 -0.056424666 3.2363212e-05 -0.005457529 0.9999833 0.0019023078 0.00012614882 0.056434292 -0.0015913086 0.99840504 -0.021630619 0.0 0.0 0.0 1.0
08_000564 08_000566 0.99999356 -0.00032013858 -0.0035798424 0.00020647027 0.00031461098 0.99999875 -0.0015445509 0.0009913046 0.0035803325 0.0015434145 0.9999924 -0.034784887 0.0 0.0 0.0 1.0
08_002901 08_002898 0.9984921 -0.006243901 0.05453894 0.0017409758 0.006190314 0.99998015 0.0011514243 -0.0014806988 -0.05454505 -0.0008120749 0.99851096 0.057289887 0.0 0.0 0.0 1.0
03_000318 03_000316 0.9999397 0.0048405943 0.009856863 0.00034657356 -0.0049199583 0.99995553 0.008043403 0.00032461018 -0.00981749 -0.008091413 0.99991906 0.036826607 0.0 0.0 0.0 1.0
00_002608 00_002611 0.99997437 -0.0054228534 -0.0046747117 0.00014901411 0.005366977 0.999915 -0.011883761 0.0005818146 0.0047387583 0.011858367 0.99991846 -0.04697175 0.0 0.0 0.0 1.0
02_004393 02_004398 0.9999727 0.0060210153 -0.0042765406 0.00041542627 -0.0060466374 0.9999637 -0.0060038255 0.0033766886 0.0042402362 0.00602952 0.9999728 -0.13460556 0.0 0.0 0.0 1.0
02_004081 02_004085 0.9853776 0.0014821528 -0.17037824 0.0018809123 -0.001438557 0.99999887 0.00037932827 0.0010218305 0.17037861 -0.00012868276 0.9853787 -0.063595004 0.0 0.0 0.0 1.0
03_000762 03_000758 0.9961678 0.00035851268 0.08746235 0.0024847959 -0.00054244895 0.9999977 0.0020792752 0.0011690499 -0.087461405 -0.0021187507 0.99616563 0.021952987 0.0 0.0 0.0 1.0
08_003632 08_003630 0.9999958 0.002482053 0.0014663588 0.00027645132 -0.0024807933 0.99999654 -0.00086010137 -0.0005775449 -0.0014684885 0.0008564601 0.99999857 0.035180025 0.0 0.0 0.0 1.0
02_000175 02_000179 0.99817073 -0.0006421876 -0.060454525 0.002015372 0.00078406284 0.999997 0.0023231164 0.0008369752 0.060452852 -0.0023662671 0.99816823 -0.096630044 0.0 0.0 0.0 1.0
05_001841 05_001838 0.99658227 -0.0008788876 -0.08260185 -0.0030127047 0.0011323908 0.9999948 0.003022179 -0.0003653201 0.08259877 -0.0031053876 0.99657804 0.020365408 0.0 0.0 0.0 1.0
09_001212 09_001214 0.99986786 0.0058671026 -0.0151595045 1.7182227e-05 -0.005755227 0.99995595 0.0074130227 0.0006433477 0.01520233 -0.007324797 0.9998576 -0.051430486 0.0 0.0 0.0 1.0
10_000378 10_000376 0.99975777 -0.007633694 0.020642847 0.00063863496 0.007655744 0.9999702 -0.000989332 -0.0002018436 -0.02063468 0.0011471286 0.99978644 0.032566372 0.0 0.0 0.0 1.0
00_000274 00_000275 0.99999356 0.0008230847 0.0035002166 -5.1505664e-05 -0.00082886324 0.9999983 0.0016497851 -1.7120243e-05 -0.0034988527 -0.0016526756 0.9999925 -0.016441632 0.0 0.0 0.0 1.0
01_000010 01_000014 0.9820852 0.0048935455 -0.1883737 0.005292044 -0.004561045 0.9999872 0.002198544 0.0016704033 0.18838203 -0.0012999768 0.98209494 -0.07792648 0.0 0.0 0.0 1.0
00_001590 00_001594 0.9990886 -0.00050540944 0.04268162 -0.001207582 0.0007206903 0.9999871 -0.005028641 0.00043936615 -0.042678528 0.005054818 0.99907607 -0.06512208 0.0 0.0 0.0 1.0
02_000445 02_000440 0.9828151 0.008935013 0.18437646 0.009549537 -0.00871023 0.99996 -0.0020290578 -0.0010394307 -0.18438722 0.0003882274 0.9828536 0.10348083 0.0 0.0 0.0 1.0
02_002093 02_002094 0.9999747 0.005773137 0.004153248 -0.00033140727 -0.0057712505 0.99998325 -0.0004660349 0.0002809947 -0.0041558687 0.0004420537 0.99999124 -0.025372377 0.0 0.0 0.0 1.0
02_001223 02_001228 0.99983084 0.0025437535 -0.018216887 0.0010455085 -0.0024377825 0.99998 0.0058370377 0.0013609028 0.018231371 -0.005791642 0.999817 -0.099033095 0.0 0.0 0.0 1.0
00_002816 00_002811 0.99925333 0.008827947 -0.03761404 -0.0028337503 -0.009173845 0.9999171 -0.0090333335 -0.0023568498 0.03753118 0.009371654 0.9992515 0.08311276 0.0 0.0 0.0 1.0
05_000984 05_000980 0.9999988 -0.0010694881 0.0011100243 -0.00051066035 0.0010698651 0.99999934 -0.00033902202 -0.0015388875 -0.001109661 0.0003402092 0.99999934 0.05955126 0.0 0.0 0.0 1.0
05_000248 05_000252 0.9999774 0.004070942 -0.0053512743 0.00059392856 -0.004005685 0.99991816 0.012149285 0.0009001739 0.0054002954 -0.0121275745 0.9999119 -0.064610325 0.0 0.0 0.0 1.0
00_003367 00_003368 0.99979407 -0.0022857469 -0.02016394 -0.00030856923 0.0022975157 0.9999972 0.00056051504 0.00026230485 0.020162603 -0.0006067266 0.9997965 -0.0092284195 0.0 0.0 0.0 1.0
10_000719 10_000723 0.99411047 -0.012301328 -0.107671335 0.0059397332 0.014146872 0.9997655 0.016393494 0.0013835776 0.10744443 -0.017820157 0.9940514 -0.08770612 0.0 0.0 0.0 1.0
00_001304 00_001307 0.99997497 0.0046142633 -0.005361065 0.00086535607 -0.004612105 0.9999893 0.00041494644 -0.00067088794 0.0053629223 -0.00039021028 0.9999855 -0.04863295 0.0 0.0 0.0 1.0
01_000677 01_000680 0.9999985 0.0002948281 0.0016916782 -0.00087605504 -0.00029700017 0.9999991 0.0012838673 0.002761249 -0.0016912982 -0.0012843678 0.99999774 -0.16222282 0.0 0.0 0.0 1.0
00_002339 00_002334 0.99053955 0.02517651 -0.13489828 -0.0069675217 -0.023637537 0.9996361 0.012998181 -0.00076580845 0.13517644 -0.009686549 0.9907742 0.058093347 0.0 0.0 0.0 1.0
01_000342 01_000337 0.99999744 0.001176198 -0.0019273146 0.0005840854 -0.001174904 0.9999991 0.00067237567 -0.004588968 0.0019281036 -0.0006701095 0.9999979 0.26616612 0.0 0.0 0.0 1.0
00_002863 00_002859 0.9886513 -0.014779043 0.14950009 0.0051298784 0.0138506 0.9998778 0.007249651 -0.00031887207 -0.14958897 -0.0050967103 0.98873514 0.028902277 0.0 0.0 0.0 1.0
00_001759 00_001755 0.99992055 0.008809868 0.009018937 2.8312972e-05 -0.008765521 0.99994934 -0.0049448074 -0.0018086082 -0.009062043 0.0048653586 0.99994713 0.07587051 0.0 0.0 0.0 1.0
08_003216 08_003212 0.99998957 -0.0017244862 -0.0042324364 -0.0014726496 0.0017199992 0.999998 -0.0010635597 -0.002708726 0.004234262 0.0010562688 0.99999046 0.08799273 0.0 0.0 0.0 1.0
05_000035 05_000039 0.99999714 -0.0020783884 0.0012082604 -0.00021242756 0.0020834594 0.999989 -0.004211021 0.0014830168 -0.0011994949 0.0042135264 0.9999904 -0.08023586 0.0 0.0 0.0 1.0
08_000110 08_000109 0.9999975 0.0015504755 -0.0016049399 -0.00029845527 -0.001550466 0.9999988 7.0818214e-06 0.0012502935 0.001604949 -4.593399e-06 0.9999987 0.022284545 0.0 0.0 0.0 1.0
06_000589 06_000588 0.99999905 -0.0013576441 -0.00033302399 -4.0530464e-05 0.0013580874 0.9999982 0.0013346568 -0.0006169782 0.00033121137 -0.0013351078 0.99999905 0.028488697 0.0 0.0 0.0 1.0
02_000936 02_000932 0.9999767 -0.0037967279 -0.0056724306 -0.0003313928 0.0038355698 0.9999692 0.0068523935 -0.0012392878 0.005646239 -0.006873991 0.9999604 0.060967315 0.0 0.0 0.0 1.0
02_000234 02_000232 0.999991 -0.0040453393 -0.0012727745 0.0013597684 0.0040406687 0.99998516 -0.0036509 -0.0006993659 0.0012875248 0.0036457244 0.99999255 0.05142998 0.0 0.0 0.0 1.0
03_000438 03_000443 0.9998473 -0.006209268 -0.016334603 0.0006233441 0.0061587375 0.9999761 -0.0031419417 -3.600312e-06 0.016353723 0.0030408613 0.99986166 -0.092821375 0.0 0.0 0.0 1.0
10_000281 10_000284 0.99992186 -0.008584066 -0.009090456 0.000622579 0.008522943 0.99994093 -0.0067415154 0.0007852642 0.009147789 0.006663511 0.999936 -0.044866957 0.0 0.0 0.0 1.0
02_001447 02_001449 0.9991478 0.0015740074 -0.04124672 0.00024339897 -0.0015943905 0.9999986 -0.0004612817 0.0010323264 0.041245934 0.000526652 0.9991489 -0.039039854 0.0 0.0 0.0 1.0
05_002288 05_002285 0.99999696 0.0005045381 0.0024128149 6.130696e-05 -0.00048996275 0.99998164 -0.006037614 -0.0013949815 -0.0024158168 0.006036413 0.99997884 0.04586417 0.0 0.0 0.0 1.0
00_004034 00_004031 0.9999329 -0.0016045903 -0.011476058 0.00017416451 0.001592495 0.99999815 -0.0010630287 -0.0013423449 0.011477742 0.0010446818 0.9999336 0.068483226 0.0 0.0 0.0 1.0
00_000433 00_000436 0.99278116 -0.0019202862 0.11992423 0.0004427339 0.0015836423 0.9999945 0.0029023772 -1.136965e-05 -0.11992916 -0.0026915083 0.9927788 -0.02900665 0.0 0.0 0.0 1.0
00_002438 00_002441 0.9861219 0.019316157 -0.16489536 -0.0004446103 -0.017273508 0.9997554 0.013812687 -0.00022067182 0.16512182 -0.0107726725 0.98621434 -0.03664061 0.0 0.0 0.0 1.0
00_002485 00_002481 0.99999076 -0.002775768 -0.003277846 -0.0012510945 0.0027391377 0.9999343 -0.011127224 -0.0026620107 0.0033085174 0.011118143 0.9999327 0.08119627 0.0 0.0 0.0 1.0
02_000039 02_000040 0.99991333 -0.0023083386 -0.012958995 0.0003602993 0.0023056003 0.9999973 -0.00022624427 0.00026919582 0.012959483 0.0001963464 0.999916 -0.02298003 0.0 0.0 0.0 1.0
05_000627 05_000623 0.9999952 0.0018183403 0.0025281336 0.00017429296 -0.0017972107 0.99996364 -0.008335095 -0.0018102217 -0.0025431977 0.008330511 0.9999621 0.073097825 0.0 0.0 0.0 1.0
02_004007 02_004010 0.9999443 -0.008045578 0.0068303193 5.591098e-05 0.008027595 0.99996424 0.0026562924 0.0009275417 -0.0068514463 -0.0026013134 0.9999731 -0.075110115 0.0 0.0 0.0 1.0
05_000856 05_000851 0.9999639 -0.00085055834 -0.008457339 -0.00033144394 0.00084701367 0.9999995 -0.00042269353 -0.0021955187 0.008457695 0.00041551478 0.9999641 0.08097112 0.0 0.0 0.0 1.0
00_004198 00_004202 0.99983513 -0.001424946 0.018100258 -0.00053542276 0.0014750609 0.9999951 -0.0027556976 0.0012884182 -0.018096242 0.0027819423 0.9998324 -0.101681106 0.0 0.0 0.0 1.0
00_000583 00_000585 0.9925131 0.003930084 -0.12207479 -0.0011292927 -0.002813093 0.9999526 0.009321056 -6.543118e-05 0.122105636 -0.008907863 0.9924771 -0.014790773 0.0 0.0 0.0 1.0
00_000629 00_000631 0.99999666 0.0024543882 0.00079428655 -0.00054883724 -0.0024588215 0.9999811 0.005629319 0.000345778 -0.000780455 -0.0056312536 0.99998385 -0.041073997 0.0 0.0 0.0 1.0
08_002792 08_002789 0.9999894 -0.0034078087 -0.0031026546 -0.0006469009 0.0034008771 0.9999917 -0.0022365777 -0.002545793 0.0031102507 0.0022260023 0.99999267 0.06701763 0.0 0.0 0.0 1.0
08_003045 08_003042 0.997645 -0.008706508 0.06803362 0.0037174702 0.008011276 0.9999129 0.010485117 -0.0013629127 -0.06811898 -0.009915389 0.9976279 0.051328648 0.0 0.0 0.0 1.0
00_003892 00_003897 0.9974154 0.012922023 -0.07067887 0.0011359011 -0.011490395 0.9997213 0.020624613 0.001124202 0.07092568 -0.01975918 0.9972859 -0.07296758 0.0 0.0 0.0 1.0
05_001170 05_001172 0.9999562 -0.00083691604 -0.00932276 -0.00023100525 0.0008620568 0.999996 0.002693014 0.00048151286 0.009320468 -0.0027009326 0.9999529 -0.017944716 0.0 0.0 0.0 1.0
02_003139 02_003143 0.99999064 0.0022838733 0.0036764112 -0.0012530453 -0.0023216335 0.99994427 0.010299641 0.00032713788 -0.0036526832 -0.010308079 0.9999402 -0.09716656 0.0 0.0 0.0 1.0
02_003355 02_003350 0.9999912 0.0037847448 -0.0018073814 -9.115811e-05 -0.0037817077 0.9999914 0.0016808797 -0.0003373749 0.0018137277 -0.00167403 0.99999696 0.08124266 0.0 0.0 0.0 1.0
08_003172 08_003170 0.9999549 0.0032732314 0.008915222 -0.0012389019 -0.0032809288 0.9999943 0.00084891025 -0.00040689632 -0.008912392 -0.00087812217 0.9999599 0.039718512 0.0 0.0 0.0 1.0
02_000518 02_000514 0.9849476 -0.009420922 -0.17259625 -0.009207926 0.004050223 0.99949735 -0.031442914 0.0011799593 0.17280571 0.030270569 0.9844907 0.071310416 0.0 0.0 0.0 1.0
00_004496 00_004498 0.9999914 0.00032377412 -0.0041254153 -0.0001457334 -0.00033464978 0.9999965 -0.0026358382 0.0010021052 0.0041245474 0.0026371963 0.999988 -0.045368362 0.0 0.0 0.0 1.0
02_001859 02_001858 0.9999974 0.0022072885 0.0005665111 0.00026630695 -0.002207919 0.99999696 0.0011151124 -0.00029810632 -0.000564048 -0.0011163603 0.9999992 0.026700614 0.0 0.0 0.0 1.0
02_000628 02_000633 0.9999566 -0.0037808695 -0.008516652 0.001509317 0.003770669 0.99999213 -0.0012134664 -0.00080530666 0.008521173 0.0011813003 0.999963 -0.12173968 0.0 0.0 0.0 1.0
00_002671 00_002667 0.99962884 0.0051350626 -0.02675369 -0.0016820747 -0.005239397 0.99997896 -0.0038311542 -0.0016855956 0.026733452 0.0039699054 0.99963474 0.06580115 0.0 0.0 0.0 1.0
00_000851 00_000855 0.9999839 -0.0053516566 -0.0018862599 3.4466313e-05 0.0053068753 0.99972147 -0.022996044 0.001291438 0.0020088013 0.022985663 0.9997338 -0.05412821 0.0 0.0 0.0 1.0
00_000878 00_000875 0.9999297 -0.0045963535 0.010925348 0.00032846036 0.004671297 0.99996567 -0.0068440037 -0.00079627 -0.010893515 0.006894558 0.9999169 0.058751058 0.0 0.0 0.0 1.0
00_004202 00_004203 0.9999884 0.00022388386 0.0048213257 2.8296595e-06 -0.00021352965 0.9999977 -0.0021479933 0.0003576181 -0.0048217955 0.0021469388 0.99998605 -0.025619242 0.0 0.0 0.0 1.0
07_001014 07_001015 1.0 3.170343e-05 -8.834186e-05 -0.0001913046 -3.1751668e-05 0.9999998 -0.0005461297 0.0001083224 8.832453e-05 0.0005461325 0.9999998 -0.0051248814 0.0 0.0 0.0 1.0
06_000823 06_000827 0.99999464 0.0005385071 0.003225944 -0.00025768465 -0.0005413717 0.99999946 0.00088717067 0.0025485896 -0.0032254646 -0.00088891236 0.9999944 -0.11022916 0.0 0.0 0.0 1.0
05_002754 05_002757 0.999951 -0.009732721 0.0018182788 0.00046231522 0.009732387 0.9999526 0.00019293417 0.0016391046 -0.0018200704 -0.00017522852 0.99999833 -0.06644484 0.0 0.0 0.0 1.0
06_001028 06_001023 0.9997516 -0.004909223 0.021739474 0.0013358905 0.004842573 0.99998343 0.0031174384 -0.0016141364 -0.021754418 -0.0030113892 0.9997588 0.07645095 0.0 0.0 0.0 1.0
02_002469 02_002466 0.99743575 0.0031512287 -0.07149853 -0.0033147652 -0.0028233624 0.99998504 0.004686236 -0.0010575331 0.07151223 -0.004472353 0.99742967 0.06214306 0.0 0.0 0.0 1.0
07_000893 07_000888 0.99557805 0.0067352606 -0.09369612 -0.005167164 -0.006567789 0.9999762 0.0020956483 -0.002584526 0.093708 -0.0014710053 0.9955986 0.059220422 0.0 0.0 0.0 1.0
05_002682 05_002680 0.99999875 0.00048394475 -0.0015012515 -0.000114683404 -0.00048281657 0.9999996 0.0007517768 -0.0009966897 0.0015016147 -0.00075105106 0.99999857 0.03829371 0.0 0.0 0.0 1.0
00_003417 00_003413 0.9948404 -0.0010262646 -0.10144722 -0.0035147308 0.0017579368 0.99997306 0.0071232067 -0.0006002929 0.10143718 -0.0072647915 0.9948154 0.043438304 0.0 0.0 0.0 1.0
05_000610 05_000615 0.9999942 0.0024129546 -0.002386391 -7.7976865e-06 -0.0024062162 0.99999315 0.002822467 0.0018029391 0.002393185 -0.0028167085 0.99999315 -0.08761935 0.0 0.0 0.0 1.0
02_003117 02_003120 0.9998155 0.015541302 -0.011285014 -0.00044048158 -0.015535462 0.9998791 0.000605014 0.0005277862 0.011293053 -0.0004295845 0.99993616 -0.06659562 0.0 0.0 0.0 1.0
07_000520 07_000521 0.99998695 0.0050764713 -0.0005682732 -0.00011867147 -0.0050772782 0.9999861 -0.0014274574 0.0006100509 0.0005610188 0.001430324 0.9999988 -0.018683208 0.0 0.0 0.0 1.0
05_000931 05_000926 0.99995303 0.0012716474 0.009609914 0.00018154521 -0.0013276063 0.9999822 0.005818901 -0.0005084082 -0.009602344 -0.005831386 0.9999369 0.07758831 0.0 0.0 0.0 1.0
00_002990 00_002989 0.9974234 -0.0027994798 0.07168509 0.0020171495 0.00271179 0.99999547 0.0013205596 -0.00023120372 -0.07168846 -0.0011227622 0.99742645 0.012180237 0.0 0.0 0.0 1.0
08_000748 08_000746 0.99992424 -0.00050888554 0.012297459 0.0003731641 0.00041779096 0.99997246 0.0074090287 -0.00040050643 -0.012300891 -0.00740333 0.99989694 0.039025575 0.0 0.0 0.0 1.0
10_000158 10_000156 0.9998732 -0.0057480135 -0.014851176 -0.0004831759 0.005751623 0.99998343 0.00020033639 -0.00078714127 0.014849779 -0.00028572936 0.9998897 0.035832763 0.0 0.0 0.0 1.0
03_000798 03_000795 0.9998551 -0.002263463 -0.01687076 -0.00029373082 0.0023374918 0.9999877 0.004369562 -0.0002359901 0.016860662 -0.004408364 0.9998481 0.0029109176 0.0 0.0 0.0 1.0
10_000538 10_000540 0.99974 0.0048949 -0.022270998 -5.7748995e-05 -0.004905972 0.99998784 -0.00044254566 0.00093688647 0.022268562 0.0005516915 0.99975187 -0.029210478 0.0 0.0 0.0 1.0
02_003107 02_003109 0.9999811 -0.0024905277 -0.005620436 -0.001064942 0.0025271378 0.99997556 0.006516068 -2.4000348e-05 0.00560407 -0.0065301484 0.999963 -0.04292436 0.0 0.0 0.0 1.0
02_001725 02_001728 0.9998515 -0.0075245043 0.015503718 -8.733248e-05 0.007547291 0.9999705 -0.001411771 0.0015848436 -0.015492638 0.0015285724 0.9998788 -0.06880062 0.0 0.0 0.0 1.0
05_000765 05_000761 0.99998397 -0.0023161958 0.0051660333 7.7657016e-05 0.0023101482 0.99999666 0.0011762767 -0.0011712952 -0.0051687406 -0.0011643235 0.999986 0.05549516 0.0 0.0 0.0 1.0
02_000818 02_000814 0.99998504 -0.004866622 -0.0024976514 -0.00026108444 0.0048914114 0.9999379 0.010016954 -0.00036492557 0.0024487474 -0.010029021 0.9999467 0.10489907 0.0 0.0 0.0 1.0
02_002919 02_002917 0.99988425 -0.00045608482 0.015207501 0.00030327 0.0004812504 0.9999985 -0.0016511964 -0.0011657033 -0.015206725 0.0016583238 0.999883 0.04843132 0.0 0.0 0.0 1.0
08_001017 08_001015 0.99498194 0.000611305 0.10005302 0.002794172 -0.00029097995 0.9999948 -0.0032161155 -0.0003532758 -0.100054465 0.0031708633 0.99497694 0.02492319 0.0 0.0 0.0 1.0
05_000236 05_000233 0.9999858 0.0016320327 0.0050677448 -0.0008686841 -0.001625237 0.9999978 -0.0013447885 -0.005885942 -0.0050699282 0.0013365332 0.99998623 0.044736534 0.0 0.0 0.0 1.0
08_003472 08_003474 0.9999976 0.0009172117 -0.0019835494 0.0003475834 -0.0009102467 0.99999344 0.003509459 -5.5303495e-05 0.0019867553 -0.003507645 0.9999919 -0.03472294 0.0 0.0 0.0 1.0
08_002836 08_002838 0.99999535 0.003034335 -0.00019313346 -0.00055373955 -0.003033895 0.9999929 0.00223923 0.0013223047 0.00019992665 -0.0022386338 0.9999975 -0.041693464 0.0 0.0 0.0 1.0
00_004011 00_004008 0.9999222 0.0095513975 -0.008018828 -0.00021268263 -0.0095543265 0.9999543 -0.00032694128 -0.0016936513 0.008015339 0.00040353037 0.9999678 0.07163974 0.0 0.0 0.0 1.0
00_003794 00_003792 0.9999175 -0.0030497883 0.012477297 0.00083846634 0.0028058246 0.99980545 0.019523598 -0.00031797582 -0.0125344135 -0.019486979 0.99973154 0.047536805 0.0 0.0 0.0 1.0
10_000858 10_000856 0.99330884 0.003271818 0.11544175 0.0026902847 -0.0034580734 0.999993 0.0014131787 -0.00062807975 -0.11543632 -0.001802929 0.99331325 0.02225454 0.0 0.0 0.0 1.0
00_003862 00_003857 0.9998583 -0.0029580386 0.016572254 0.0020041452 0.0028437374 0.99997205 0.00691647 -0.001797413 -0.01659225 -0.0068683624 0.99983877 0.11346002 0.0 0.0 0.0 1.0
01_000520 01_000523 0.99999875 0.0008015131 0.0013711879 -0.0012265996 -0.0008022483 0.9999995 0.0005357659 0.0030386432 -0.0013707578 -0.00053686526 0.9999989 -0.15526035 0.0 0.0 0.0 1.0
09_000811 09_000809 0.9999882 -0.00047572126 -0.004838471 -0.00041094367 0.00045302536 0.9999889 -0.0046907347 -0.0015012948 0.0048406487 0.0046884874 0.9999773 0.055983778 0.0 0.0 0.0 1.0
00_003522 00_003524 0.99976575 0.0015888078 -0.021586196 -0.00023466564 -0.0015531209 0.9999974 0.0016698919 0.00014143146 0.021588793 -0.0016359747 0.9997656 -0.009779625 0.0 0.0 0.0 1.0
08_000534 08_000537 0.99997514 0.00633591 0.003087458 -0.00026280896 -0.0063473363 0.999973 0.0037052755 0.00040575926 -0.0030638983 -0.0037247806 0.9999884 -0.05427556 0.0 0.0 0.0 1.0
02_001206 02_001207 0.9999884 -0.004225771 -0.0023090253 0.00017952344 0.0042348583 0.99998325 0.0039448477 0.00036877237 0.0022923164 -0.0039545805 0.99998957 -0.018804897 0.0 0.0 0.0 1.0
06_000135 06_000137 0.99999905 -0.00053111976 0.0012674904 9.247351e-05 0.00053026923 0.99999964 0.0006712841 0.0010374365 -0.0012678466 -0.00067061133 0.999999 -0.050525792 0.0 0.0 0.0 1.0
02_003351 02_003346 0.99991465 -0.00077155203 0.0130416285 0.0011461892 0.00071898004 0.9999916 0.0040352982 8.638474e-05 -0.013044632 -0.004025577 0.99990684 0.07565279 0.0 0.0 0.0 1.0
09_000726 09_000721 0.99114347 -0.01600051 0.13182795 0.008487474 0.015961694 0.9998717 0.0013512135 -0.0021086817 -0.13183264 0.0007649508 0.9912717 0.09755448 0.0 0.0 0.0 1.0
09_000397 09_000402 0.9998777 -0.0016624696 0.015550541 0.0027255404 0.0018246371 0.99994403 -0.01042005 0.0031375126 -0.015532347 0.010447149 0.99982476 -0.09520281 0.0 0.0 0.0 1.0
00_001192 00_001188 0.9999509 0.005191788 0.0084436545 0.00020750405 -0.0052161147 0.9999823 0.00286163 -0.0010039324 -0.008428648 -0.0029055325 0.99996024 0.066952325 0.0 0.0 0.0 1.0
01_000911 01_000912 0.99960196 0.00037611753 -0.028208962 0.0007211725 -0.00031734144 0.9999978 0.0020880445 0.0005655685 0.028209683 -0.0020782615 0.9995999 -0.030228153 0.0 0.0 0.0 1.0
07_000698 07_000699 1.0 5.244803e-05 0.000118228054 -8.443532e-06 -5.244027e-05 1.0 -6.563643e-05 -5.7978377e-05 -0.000118231495 6.563022e-05 1.0 -8.240091e-06 0.0 0.0 0.0 1.0
02_002891 02_002887 0.99986887 -0.01342632 -0.009052959 -0.0012929933 0.013367276 0.9998892 -0.006551313 -0.0021302807 0.009139916 0.006429441 0.99993753 0.09492416 0.0 0.0 0.0 1.0
00_003196 00_003192 0.999995 -0.0009133287 -0.0030331095 -0.0009551377 0.00089114264 0.9999729 -0.007307944 -0.0017967573 0.0030397018 0.0073052044 0.9999687 0.094729915 0.0 0.0 0.0 1.0
02_001087 02_001092 0.9982697 -0.0033007928 0.058708984 -0.00011373633 0.003345562 0.99999416 -0.0006642826 0.0018627578 -0.05870645 0.0008595477 0.9982749 -0.07481389 0.0 0.0 0.0 1.0
00_004218 00_004215 0.9999827 0.002666749 -0.005241114 3.4412766e-05 -0.0026529015 0.99999297 0.0026473007 -0.0012194095 0.0052481373 -0.0026333507 0.9999828 0.07943236 0.0 0.0 0.0 1.0
09_000464 09_000461 0.9999434 0.007673038 -0.0073733255 -0.0008133091 -0.0077814674 0.99986035 -0.014791209 -0.0016520775 0.007258802 0.014847747 0.99986345 0.06651127 0.0 0.0 0.0 1.0
03_000531 03_000528 0.99996316 0.006238967 0.005890315 0.00012950358 -0.0062293746 0.99997926 -0.001645461 0.0005156685 -0.005900459 0.0016087074 0.9999813 0.03942074 0.0 0.0 0.0 1.0
08_003186 08_003182 0.9999878 0.0028151216 -0.0040574763 -0.0017703311 -0.0028351014 0.99998385 -0.0049269334 -0.0020324162 0.004043541 0.0049383766 0.9999796 0.08576406 0.0 0.0 0.0 1.0
02_000069 02_000073 0.9893843 -0.0049878107 -0.14523712 0.004974078 0.009325443 0.9995301 0.029200388 0.00083527376 0.14502323 -0.030244805 0.98896587 -0.07283513 0.0 0.0 0.0 1.0
02_004445 02_004447 0.99997485 -0.0064006993 -0.003057272 -0.0030582095 0.006401424 0.9999795 0.00022739123 -6.159596e-05 0.0030557537 -0.0002469564 0.9999953 -0.05356855 0.0 0.0 0.0 1.0
01_000687 01_000688 0.99999946 -0.0006178729 0.0008100074 -0.00023203628 0.0006182546 0.9999997 -0.0004710701 0.0010027192 -0.00080971606 0.00047157065 0.9999996 -0.053902566 0.0 0.0 0.0 1.0
04_000027 04_000026 1.0 7.321012e-05 -8.710325e-05 -5.9369006e-05 -7.300924e-05 0.9999973 0.0023039496 -0.0005193467 8.727169e-05 -0.002303943 0.9999973 0.027943451 0.0 0.0 0.0 1.0
08_001401 08_001397 0.99999094 -0.00024887058 -0.0042439452 0.0005299826 0.00023768538 0.9999965 -0.002635871 -0.0005476286 0.004244586 0.0026348385 0.99998754 0.03667414 0.0 0.0 0.0 1.0
08_004058 08_004059 0.9997847 -0.0002199477 -0.020747583 -0.00026693344 0.00027330779 0.99999666 0.0025690699 0.00015948457 0.02074695 -0.0025741872 0.9997814 -0.013013758 0.0 0.0 0.0 1.0
10_000132 10_000129 0.9991805 -0.0057477285 -0.04006647 -0.0016296374 0.0052100075 0.99989516 -0.013512248 -0.001347716 0.040139932 0.013292428 0.99910563 0.054861482 0.0 0.0 0.0 1.0
09_001463 09_001465 0.999975 -0.00705173 -0.0004936428 0.0005508335 0.0070556025 0.99994034 0.008340106 0.00082668505 0.00043480122 -0.008343381 0.9999651 -0.05861965 0.0 0.0 0.0 1.0
00_001600 00_001598 0.9999285 0.011019789 -0.004653511 -0.00038608548 -0.010998144 0.9999287 0.0046514114 -0.00029911942 0.0047044368 -0.0045998986 0.99997836 0.034903724 0.0 0.0 0.0 1.0
03_000590 03_000592 0.99996245 -0.0023248715 0.008350693 -0.0006012884 0.0023993698 0.9999573 -0.008922328 -0.00041446555 -0.008329593 0.008942029 0.9999253 -0.036377043 0.0 0.0 0.0 1.0
08_002095 08_002093 0.99999267 0.0036165435 -0.0012562791 0.00024275224 -0.00359859 0.9998954 0.014010821 -0.00032537332 0.0013068183 -0.0140061965 0.99990106 0.027404249 0.0 0.0 0.0 1.0
00_001916 00_001920 0.9991612 0.011414893 -0.039327417 -0.0011761194 -0.01152737 0.9999301 -0.0026344298 0.0011142989 0.039294597 0.0030855616 0.99922293 -0.045618124 0.0 0.0 0.0 1.0
04_000041 04_000046 0.9999694 0.0077994466 -0.0005429624 -0.0002685682 -0.007799898 0.99996924 -0.00083403336 0.0025432417 0.0005364407 0.0008382429 0.9999995 -0.14269942 0.0 0.0 0.0 1.0
08_000492 08_000494 0.9944283 0.0069451113 -0.10518619 -0.00018484892 -0.006583415 0.99997115 0.003785447 0.0008996393 0.10520944 -0.0030718711 0.9944453 -0.02448347 0.0 0.0 0.0 1.0
09_000741 09_000736 0.9940634 -0.009618268 0.10837646 0.0070488006 0.009826331 0.99995077 -0.001385921 -0.0025373735 -0.10835779 0.0024426363 0.994109 0.10660416 0.0 0.0 0.0 1.0
08_000182 08_000187 0.9999385 -0.011048265 0.0009963901 0.0006157982 0.0110434145 0.99992776 0.004748247 0.0009615857 -0.001048778 -0.004736951 0.99998826 -0.12608764 0.0 0.0 0.0 1.0
01_000756 01_000757 0.99999946 -0.0010104193 -0.00020327662 -6.715222e-05 0.0010101836 0.9999988 -0.0011568711 0.0010528202 0.00020444531 0.0011566652 0.9999993 -0.0490112 0.0 0.0 0.0 1.0
08_001898 08_001900 0.99999887 0.0009221372 -0.0011986797 -0.0009815029 -0.0009370405 0.9999215 -0.012492585 0.0010093496 0.0011870657 0.012493693 0.99992126 -0.034218177 0.0 0.0 0.0 1.0
08_000062 08_000057 0.96854454 0.015082453 -0.24838282 -0.011834431 -0.010318211 0.9997372 0.020471795 -0.017670944 0.2486263 -0.017264979 0.9684456 0.028770452 0.0 0.0 0.0 1.0
05_002632 05_002633 0.99996257 -0.0022663297 0.008348086 0.0001791444 0.0023461976 0.9999515 -0.00956985 0.00043838925 -0.008325992 0.009589078 0.99991935 -0.019165466 0.0 0.0 0.0 1.0
08_001448 08_001443 0.99991465 -0.011217888 -0.0067014536 0.00026916835 0.011261293 0.9999156 0.0064745233 -0.0008278276 0.0066282577 -0.0065494375 0.9999566 0.09853952 0.0 0.0 0.0 1.0
10_000166 10_000167 0.9999896 -0.001346775 0.0043445933 0.00012580765 0.0013362358 0.9999962 0.0024278099 0.0003734383 -0.0043478464 -0.0024219793 0.9999876 -0.017837517 0.0 0.0 0.0 1.0
02_001397 02_001395 0.9995312 -0.0014828843 0.030579815 0.0011604496 0.0015345038 0.99999744 -0.0016646256 -0.00054604275 -0.030577267 0.0017107702 0.999531 0.03604609 0.0 0.0 0.0 1.0
09_001335 09_001336 0.9999845 -0.0027645899 -0.0048315306 0.00020102998 0.0027549467 0.9999942 -0.0020014192 0.0010887651 0.0048370357 0.0019880775 0.99998635 -0.028819488 0.0 0.0 0.0 1.0
00_001371 00_001367 0.99956334 0.0008974277 0.029535135 2.1470325e-05 -0.00092812796 0.99999905 0.0010257586 -0.0005539194 -0.029534187 -0.001052723 0.9995632 0.03875658 0.0 0.0 0.0 1.0
00_002923 00_002920 0.99999684 -0.00090068276 0.0023571567 -0.00013501216 0.0008983 0.9999991 0.0010117331 -0.0010421333 -0.002358066 -0.0010096123 0.9999967 0.05991792 0.0 0.0 0.0 1.0
00_002332 00_002331 0.9993553 0.0039034255 -0.03568964 -0.00068229466 -0.0038559772 0.9999916 0.0013982091 -0.00019662251 0.035694797 -0.0012596892 0.99936193 0.0110529205 0.0 0.0 0.0 1.0
06_000919 06_000924 0.9998125 -0.018478554 -0.0057883137 0.001313196 0.018480659 0.9998292 0.00031051182 0.0020322627 0.0057815867 -0.00041742544 0.9999832 -0.1106633 0.0 0.0 0.0 1.0
00_000194 00_000191 0.99736696 0.0036875953 -0.072425924 -0.0021150368 -0.00422713 0.9999644 -0.0072976095 -0.0009838833 0.072396435 0.0075845486 0.9973471 0.031665463 0.0 0.0 0.0 1.0
09_000651 09_000653 0.99964416 -0.0043298868 -0.026321927 0.0002796919 0.0040735053 0.9999438 -0.009786051 0.0008434411 0.026362821 0.009675345 0.9996056 -0.03185602 0.0 0.0 0.0 1.0
07_001057 07_001054 0.9999255 -0.0026983055 0.011906264 0.00058137573 0.002669598 0.9999935 0.0024263654 -0.0003301496 -0.011912733 -0.0023943996 0.99992615 0.020483779 0.0 0.0 0.0 1.0
00_003944 00_003941 0.99980944 -0.0022789137 0.0193886 0.00060994516 0.002478078 0.9999443 -0.010254415 -0.00026398848 -0.019364152 0.010300508 0.99975944 0.020209352 0.0 0.0 0.0 1.0
01_001074 01_001072 0.99791706 0.0028320148 0.06444772 0.0017969607 -0.0025928994 0.99998945 -0.0037935588 -0.0012961677 -0.06445779 0.0036185507 0.9979139 0.059377786 0.0 0.0 0.0 1.0
02_003034 02_003033 0.99998873 -0.00451317 -0.0014726836 -0.00017977643 0.0045150374 0.99998903 0.0012671141 -0.00036144274 0.0014669487 -0.001273749 0.9999981 0.024441073 0.0 0.0 0.0 1.0
07_000188 07_000183 0.99991244 0.0043230313 -0.012506402 -0.0011719957 -0.0043733884 0.9999824 -0.004001975 -0.0018403503 0.012488882 0.00405632 0.9999138 0.0789345 0.0 0.0 0.0 1.0
02_002795 02_002794 0.99991935 0.00058799767 0.012685957 0.00034704723 -0.0005549031 0.9999964 -0.0026121135 -0.00061099645 -0.0126874475 0.0026048634 0.99991614 0.023994716 0.0 0.0 0.0 1.0
08_001232 08_001229 0.9999998 0.00054697035 -0.00033526192 -4.9391212e-05 -0.00054650125 0.99999887 0.0013976777 -0.0008936347 0.00033602605 -0.0013974942 0.999999 0.033875085 0.0 0.0 0.0 1.0
02_003110 02_003115 0.99955845 -0.007495573 -0.028753255 -0.00042850588 0.007512877 0.9999716 0.00049383304 -0.00064907473 0.028748738 -0.0007096346 0.9995864 -0.10838855 0.0 0.0 0.0 1.0
09_000105 09_000102 0.99977314 -0.0007780475 -0.02128525 -0.0015847727 0.00063646253 0.99997765 -0.006657751 -0.0018530127 0.021289956 0.006642693 0.99975127 0.068786204 0.0 0.0 0.0 1.0
09_000316 09_000319 0.99996895 0.0013812644 -0.0077584316 0.0004936742 -0.0015582944 0.9997375 -0.022858255 0.0018235804 0.007724822 0.022869635 0.9997086 -0.06423417 0.0 0.0 0.0 1.0
00_000003 00_000005 0.99999094 -0.0010436621 0.004126493 0.001517553 0.0010341014 0.9999968 0.0023183567 0.00094097125 -0.004128899 -0.0023140684 0.9999888 -0.034350935 0.0 0.0 0.0 1.0
02_001291 02_001290 0.99986887 -0.0015444027 0.016119566 0.0003035285 0.0014625601 0.999986 0.005087773 -0.00045052948 -0.016127197 -0.00506353 0.9998571 0.012633537 0.0 0.0 0.0 1.0
02_002227 02_002228 1.0 9.3263414e-05 0.00014465983 -0.00060977443 -9.307405e-05 0.99999917 -0.0013084468 0.0012377013 -0.00014478175 0.0013084332 0.9999991 -0.026340757 0.0 0.0 0.0 1.0
06_001059 06_001057 0.99998915 0.0021242385 0.0041482816 1.1057105e-05 -0.0021390184 0.99999136 0.003561683 -0.0004965729 -0.0041406797 -0.0035705175 0.99998504 0.034863815 0.0 0.0 0.0 1.0
03_000214 03_000218 0.9989756 0.006089503 0.044840913 -0.0005964042 -0.005384373 0.9998602 -0.015829181 -0.00083960284 -0.044931035 0.015571525 0.9988687 -0.056214824 0.0 0.0 0.0 1.0
02_004064 02_004068 0.9885071 0.006026163 -0.15105425 0.0008224483 -0.008682874 0.9998189 -0.016934384 0.002207753 0.15092485 0.018051343 0.98838043 -0.05257619 0.0 0.0 0.0 1.0
00_004275 00_004271 0.9999851 -0.0053022313 -0.0012855284 0.0002782207 0.0052971784 0.99997836 -0.0039025464 -0.0017747649 0.0013061928 0.0038956786 0.99999154 0.10397739 0.0 0.0 0.0 1.0
02_002014 02_002011 0.98837143 0.01052902 -0.15169387 -0.0063062953 -0.012780862 0.999822 -0.0138772465 -0.0013024323 0.15152076 0.015654653 0.9883301 0.03817513 0.0 0.0 0.0 1.0
00_002219 00_002215 0.9999672 -0.0014240775 -0.00797199 -0.000113994676 0.0015617735 0.99984926 0.017292973 -0.0010442539 0.007946162 -0.017304856 0.9998187 0.065568596 0.0 0.0 0.0 1.0
07_000362 07_000364 0.99999547 0.0009302765 0.0028624206 0.00031653393 -0.0009359662 0.9999976 0.0019870254 0.00039826933 -0.0028605652 -0.0019896955 0.9999939 -0.034974292 0.0 0.0 0.0 1.0
05_002324 05_002329 0.99998814 4.5833476e-05 0.0048736148 0.00035257408 -9.168481e-05 0.9999557 0.009408267 8.287822e-05 -0.0048729675 -0.009408602 0.99994385 -0.0018581881 0.0 0.0 0.0 1.0
00_002114 00_002118 0.9743052 -0.0070164497 0.22512251 0.016676923 0.00912755 0.9999236 -0.008338151 0.000570064 -0.22504681 0.010178721 0.9742948 -0.04501994 0.0 0.0 0.0 1.0
06_001067 06_001071 0.9999707 -0.0014773584 0.00751353 6.3810236e-05 0.0014669399 0.999998 0.0013919506 0.0015772886 -0.007515571 -0.001380888 0.9999708 -0.074920684 0.0 0.0 0.0 1.0
02_004131 02_004133 0.99999255 -0.0036500252 0.0012484143 -0.0002467214 0.0036498867 0.9999933 0.000113257986 0.0012543532 -0.0012488194 -0.00010870057 0.9999992 -0.046070952 0.0 0.0 0.0 1.0
00_001671 00_001668 0.9999127 0.010495542 0.008032928 0.0003970538 -0.010496665 0.9999449 9.7702025e-05 -0.0011571076 -0.0080314595 -0.00018201245 0.99996775 0.059308536 0.0 0.0 0.0 1.0
05_000252 05_000249 0.9999843 -0.0046231826 0.0031660665 -0.00018225872 0.0046580555 0.9999276 -0.01109726 -0.0012673201 -0.0031145324 0.011111834 0.9999334 0.04857212 0.0 0.0 0.0 1.0
07_000488 07_000492 0.99986523 -0.0015730332 0.01634095 0.0005287259 0.0015191459 0.9999934 0.0033095775 0.00045986305 -0.016346049 -0.0032843072 0.999861 -0.04439661 0.0 0.0 0.0 1.0
06_001065 06_001066 0.9999999 0.00049378996 0.00020030122 2.16842e-05 -0.00049360615 0.99999946 -0.0009165264 0.00037163196 -0.00020075368 0.0009164274 0.9999996 -0.01865061 0.0 0.0 0.0 1.0
08_002693 08_002694 0.9999975 -0.002152791 -0.0006516096 0.00075725233 0.0021516755 0.99999624 -0.001707699 0.0007089666 0.0006552835 0.0017062926 0.99999833 -0.022886544 0.0 0.0 0.0 1.0
02_003065 02_003062 0.99992025 0.0007457813 0.012607008 -0.00020865758 -0.000737567 0.9999995 -0.0006562009 -0.0013696554 -0.012607492 0.0006468501 0.9999203 0.07024452 0.0 0.0 0.0 1.0
03_000725 03_000720 0.9999852 0.0011955617 0.0053010145 -0.00025920966 -0.0012119177 0.9999945 0.0030833045 -0.00065126375 -0.005297299 -0.0030896834 0.9999812 0.0351841 0.0 0.0 0.0 1.0
08_001502 08_001503 0.9999782 -0.0044070156 0.0049220216 0.00020188215 0.0043858886 0.99998116 0.0042949556 8.7208326e-05 -0.004940857 -0.0042732744 0.99997866 -0.008982799 0.0 0.0 0.0 1.0
08_000213 08_000210 0.9999385 0.009942171 0.004919084 -0.00073758245 -0.009900113 0.9999148 -0.00850166 -0.0007527014 -0.00500319 0.008452438 0.9999518 0.07344117 0.0 0.0 0.0 1.0
08_003651 08_003647 0.9999048 0.013614812 0.0022389444 -0.005748686 -0.013644027 0.99981445 0.013596335 0.00046111713 -0.0020534175 -0.013625589 0.99990505 0.065882124 0.0 0.0 0.0 1.0
02_004241 02_004245 0.9999908 -0.00044402163 0.0042664255 -0.000121660305 0.0004590551 0.9999937 -0.003523334 0.0008205301 -0.004264834 0.0035252601 0.9999847 -0.10175397 0.0 0.0 0.0 1.0
00_003961 00_003962 0.99861574 0.0003225043 0.05259702 0.00031089727 -0.00045462037 0.9999968 0.0024999103 2.2589957e-05 -0.052596044 -0.0025203614 0.9986127 -0.008725183 0.0 0.0 0.0 1.0
02_004590 02_004593 0.99996096 0.004571561 -0.0075629866 -2.3059181e-05 -0.004537914 0.99997973 0.004460052 0.0026591588 0.0075832233 -0.004425558 0.99996144 -0.078305446 0.0 0.0 0.0 1.0
02_002652 02_002647 0.9614074 0.0009215948 0.2751271 0.011989958 -0.005511846 0.9998582 0.015911428 -5.3937707e-05 -0.27507344 -0.016813822 0.9612762 0.06377617 0.0 0.0 0.0 1.0
08_002456 08_002453 0.9999969 0.0010669269 0.0022497925 -0.0008180782 -0.0010450265 0.99995226 -0.009713199 -0.00031815027 -0.0022600482 0.009710818 0.9999503 0.034617133 0.0 0.0 0.0 1.0
02_000985 02_000984 0.9999998 -0.000603037 -0.00014712082 3.694569e-05 0.0006026283 0.999996 -0.0027625998 -0.00045698485 0.00014878617 0.0027625107 0.9999962 0.018414553 0.0 0.0 0.0 1.0
02_002265 02_002269 0.99999607 0.00031745437 0.002791305 -0.001273313 -0.00031283867 0.99999857 -0.0016538844 0.0027328476 -0.0027918261 0.0016530047 0.99999475 -0.10657423 0.0 0.0 0.0 1.0
02_000062 02_000067 0.98389196 0.0024534264 -0.17874724 0.0058843093 -0.0012040654 0.9999741 0.007097691 0.00063178915 0.17876 -0.0067681377 0.98386943 -0.090674564 0.0 0.0 0.0 1.0
05_002589 05_002584 0.9999972 -0.00056729023 0.002305869 0.00054109504 0.000573933 0.9999957 -0.0028811884 -0.0020882583 -0.0023042248 0.0028825037 0.9999932 0.110187955 0.0 0.0 0.0 1.0
07_000020 07_000024 0.983663 0.001840692 0.18001023 0.001901533 -0.0015488897 0.99999726 -0.0017615745 0.00016053264 -0.18001297 0.0014539798 0.98366314 -0.01969097 0.0 0.0 0.0 1.0
09_000046 09_000047 0.9999518 -0.0025249037 0.009487745 0.000321855 0.002559942 0.9999899 -0.003682683 0.000434244 -0.009478352 0.0037067935 0.9999482 -0.016561454 0.0 0.0 0.0 1.0
10_001171 10_001170 1.0 -5.7713634e-05 -0.00012979766 -1.2144451e-05 5.7703266e-05 1.0 -7.990493e-05 6.2791085e-05 0.00012980227 7.989744e-05 1.0 0.0007793669 0.0 0.0 0.0 1.0
02_001856 02_001858 0.9999989 0.0009130024 -0.0011491019 -0.00056288776 -0.0009151881 0.9999978 -0.0019029939 0.000658658 0.0011473619 0.0019040435 0.99999756 -0.052901927 0.0 0.0 0.0 1.0
05_000510 05_000508 0.99998933 0.00044353443 -0.0045950776 -0.00021436022 -0.00043790028 0.99999917 0.0012270582 -0.0005135395 0.0045956178 -0.001225033 0.9999887 0.019314662 0.0 0.0 0.0 1.0
09_001425 09_001429 0.9999775 -0.006303975 0.0022918424 0.0002954758 0.0063076806 0.9999788 -0.0016132462 0.0018563392 -0.002281624 0.0016276662 0.99999607 -0.11936623 0.0 0.0 0.0 1.0
09_000200 09_000197 0.9991653 -0.0020082826 0.04080072 0.0012963548 0.0018658339 0.999992 0.0035291065 -0.0012435423 -0.040807486 -0.0034500333 0.99916106 0.050206184 0.0 0.0 0.0 1.0
10_000672 10_000670 0.99950945 0.0029278563 -0.031181837 -0.0013696459 -0.0029775004 0.9999944 -0.0015457708 -0.00018231277 0.031177135 0.0016378565 0.99951255 0.025294045 0.0 0.0 0.0 1.0
00_000141 00_000138 0.99994206 -0.007142488 0.008050755 0.001637772 0.0071342234 0.999974 0.0010548038 -0.00015791535 -0.0080580795 -0.0009973068 0.99996704 0.039343562 0.0 0.0 0.0 1.0
03_000078 03_000073 0.9937683 0.0043535177 0.11138079 0.002976753 -0.0043471227 0.9999905 -0.000300264 -0.00014044755 -0.11138105 -0.00018579315 0.99377775 0.024804642 0.0 0.0 0.0 1.0
08_002081 08_002079 0.999999 -0.00076588907 0.0011751284 0.0006548733 0.00076255767 0.9999957 0.0028327315 -0.00020648145 -0.0011772928 -0.0028318325 0.9999953 0.027320648 0.0 0.0 0.0 1.0
02_004492 02_004487 0.99924695 0.0070631113 -0.038152017 -0.0020707806 -0.0070486087 0.999975 0.00051461154 -0.0024962737 0.0381547 -0.00024530542 0.9992718 0.13679713 0.0 0.0 0.0 1.0
10_000967 10_000972 0.9999888 0.004126353 0.0023137676 0.00011107272 -0.004145207 0.99995774 0.008203772 -0.00073069584 -0.002279818 -0.008213271 0.9999637 -0.021019205 0.0 0.0 0.0 1.0
08_002977 08_002980 0.9999838 -0.0021029369 0.0052888873 0.00039494972 0.0020993277 0.99999756 0.00068784546 0.0014865285 -0.0052903206 -0.00067673123 0.99998575 -0.03801895 0.0 0.0 0.0 1.0
08_003828 08_003824 0.9999961 0.0014361372 0.0023762137 0.0018683186 -0.001438814 0.99999833 0.0011251715 -0.0019289481 -0.0023745936 -0.0011285861 0.99999654 0.095154956 0.0 0.0 0.0 1.0
06_000750 06_000747 0.9999902 0.00095408206 0.0043111863 9.5374875e-05 -0.00093307364 0.9999877 -0.0048723957 -0.001279348 -0.004315782 0.0048683253 0.99997884 0.07386931 0.0 0.0 0.0 1.0
02_003486 02_003482 0.9930695 0.004467104 0.11744319 0.0061553805 -0.0036699597 0.99996877 -0.007002868 -0.001983321 -0.1174708 0.0065233237 0.9930549 0.07025368 0.0 0.0 0.0 1.0
05_002522 05_002523 0.9999977 0.0014080697 0.0016397435 -4.4987893e-05 -0.001404305 0.99999636 -0.00229485 0.00051358814 -0.0016429689 0.002292542 0.999996 -0.021429373 0.0 0.0 0.0 1.0
09_000523 09_000521 0.99897766 -0.003691794 -0.0450551 -0.0015232692 0.003568738 0.9999897 -0.0028113602 -0.00078774965 0.045065016 0.002647696 0.9989805 0.036862396 0.0 0.0 0.0 1.0
05_002418 05_002421 0.98917097 0.0015110665 0.14675987 0.0006588256 0.00019732787 0.9999324 -0.011625489 0.0005177614 -0.14676751 0.011528556 0.98910385 -0.031240795 0.0 0.0 0.0 1.0
10_000067 10_000066 0.9999131 -0.0026310482 0.012918201 0.0003354439 0.002658664 0.9999942 -0.0021210427 -0.00040209605 -0.012912546 0.0021552036 0.9999143 0.016233515 0.0 0.0 0.0 1.0
01_000109 01_000108 0.9999889 0.0008274972 0.004641444 8.101082e-05 -0.0008272458 0.99999964 -5.6083747e-05 -0.0005331595 -0.0046414887 5.224351e-05 0.9999892 0.042845976 0.0 0.0 0.0 1.0
05_000106 05_000105 0.99999374 0.0025630041 -0.0024426477 -0.00027424342 -0.002572474 0.99998915 -0.0038816326 -0.00043784833 0.0024326728 0.0038878918 0.9999895 0.013320887 0.0 0.0 0.0 1.0
08_001605 08_001603 0.998376 0.0032505353 -0.056875437 -0.0013996945 -0.0030119757 0.9999863 0.004279645 -0.00010992821 0.05688857 -0.0041013877 0.99837214 0.010191691 0.0 0.0 0.0 1.0
08_003047 08_003049 0.9997235 0.0035144994 -0.023249423 -0.00039692593 -0.0033889215 0.9999795 0.0054385285 0.0010726424 0.023268059 -0.005358234 0.9997149 -0.03380433 0.0 0.0 0.0 1.0
03_000050 03_000048 0.99993074 0.009207889 0.0073303 -0.00017001842 -0.009259169 0.9999327 0.0069925957 -3.5908382e-05 -0.0072654192 -0.007059984 0.9999487 0.025120532 0.0 0.0 0.0 1.0
04_000114 04_000112 0.99999595 -0.0024687327 0.001428496 -0.00018576166 0.002464244 0.9999921 0.0031354905 -0.000992834 -0.0014362254 -0.0031319575 0.99999404 0.053915877 0.0 0.0 0.0 1.0
06_000872 06_000868 0.999994 -0.0002156606 -0.0034563716 -0.00037980516 0.00023791021 0.99997926 0.006438154 -0.0017887866 0.0034549115 -0.0064389375 0.9999733 0.10309544 0.0 0.0 0.0 1.0
02_003365 02_003369 0.99995786 -0.006331737 -0.006644997 0.00042204847 0.0062681823 0.99993485 -0.009541943 0.0009945167 0.006704981 0.009499888 0.9999324 -0.07721257 0.0 0.0 0.0 1.0
02_000973 02_000969 0.9999946 -0.0018913995 -0.002687523 0.00025577753 0.0019385272 0.99984246 0.01764272 -0.0008223254 0.0026537303 -0.017647834 0.99984074 0.07840111 0.0 0.0 0.0 1.0
08_003761 08_003766 0.974095 0.01031514 0.22590399 -0.0018097397 -0.008049437 0.9999077 -0.010948329 0.0014832445 -0.22599606 0.008846313 0.9740881 -0.046932984 0.0 0.0 0.0 1.0
06_000002 06_000003 0.9999995 -0.0007150277 0.000682495 0.00022858017 0.000714939 0.99999976 0.00013019318 0.0005517872 -0.0006825879 -0.00012970516 0.99999976 -0.023829676 0.0 0.0 0.0 1.0
09_000730 09_000728 0.99877656 -0.0025478054 0.04938466 0.0016244829 0.002282296 0.99998266 0.0054319967 -0.00086029863 -0.049397644 -0.0053126407 0.99876505 0.040644426 0.0 0.0 0.0 1.0
08_002876 08_002881 0.99812365 -0.011764493 -0.060089707 0.0045534545 0.011678242 0.9999302 -0.001786365 0.0041226936 0.060106527 0.0010812711 0.99819136 -0.094490625 0.0 0.0 0.0 1.0
00_001396 00_001393 0.99886745 0.0032427274 0.047468424 0.00082345266 -0.003012143 0.9999833 -0.0049283607 4.0973147e-05 -0.04748361 0.0047797975 0.9988606 0.0097242175 0.0 0.0 0.0 1.0
02_002597 02_002593 0.9994756 -0.0070121624 -0.031611737 -0.0013440017 0.007147758 0.9999657 0.004178441 -0.0009813454 0.031581353 -0.004402203 0.9994915 0.081338465 0.0 0.0 0.0 1.0
08_003552 08_003557 0.9999907 -0.0036762315 -0.0022452539 -0.00051223056 0.0036865415 0.9999826 0.004605107 0.0008641336 0.0022282854 -0.0046133418 0.9999869 -0.1009289 0.0 0.0 0.0 1.0
10_000099 10_000097 0.99996245 0.002671031 0.00824438 -0.00018614608 -0.0026364094 0.99998766 -0.004207451 -0.0010464432 -0.008255516 0.0041855574 0.99995714 0.04033783 0.0 0.0 0.0 1.0
10_001124 10_001129 0.9999007 -0.0056658494 0.01290345 0.00046334325 0.005644491 0.99998266 0.0016910436 0.00071526814 -0.012912807 -0.0016180422 0.9999153 -0.024866045 0.0 0.0 0.0 1.0
09_000107 09_000108 0.99997526 0.0007676001 0.00699553 0.00014249638 -0.00076038134 0.99999917 -0.0010345044 0.0005870893 -0.006996318 0.0010291595 0.999975 -0.023379987 0.0 0.0 0.0 1.0
02_000944 02_000949 0.9999916 0.0040795603 0.0003915529 -0.0007688114 -0.0040777964 0.999982 -0.004404481 0.0010506954 -0.00040951418 0.0044028475 0.9999902 -0.08922264 0.0 0.0 0.0 1.0
09_000305 09_000310 0.9968862 -0.0041696713 -0.07874323 0.0046093673 0.0031548236 0.9999104 -0.013008071 0.003713752 0.07879041 0.012719146 0.9968101 -0.11820614 0.0 0.0 0.0 1.0
05_001366 05_001368 0.9999998 0.0005098526 -0.00025642943 0.00010813596 -0.00051010505 0.9999994 -0.0009853472 0.0007888897 0.0002559269 0.0009854778 0.99999946 -0.03712884 0.0 0.0 0.0 1.0
00_003298 00_003302 0.9984204 0.009173892 -0.05543043 -0.0009099667 -0.009348839 0.9999521 -0.0028976584 0.00045305098 0.055401195 0.0034112914 0.9984583 -0.05670314 0.0 0.0 0.0 1.0
02_003374 02_003369 0.99985015 0.009933239 0.014178863 0.00042716565 -0.009888089 0.9999458 -0.0032508469 -0.0011219732 -0.014210386 0.0031101578 0.9998942 0.0962899 0.0 0.0 0.0 1.0
05_000002 05_000003 0.99999833 4.7597718e-05 0.0018281213 0.00012951113 -4.9801012e-05 0.9999993 0.0012051968 0.0003399821 -0.0018280626 -0.0012052859 0.9999976 -0.0112343365 0.0 0.0 0.0 1.0
08_000519 08_000523 0.999354 0.0023462903 -0.03586129 0.001044738 -0.002291568 0.9999961 0.0015669657 0.0017734092 0.03586483 -0.0014837749 0.99935555 -0.065377764 0.0 0.0 0.0 1.0
00_001124 00_001128 0.9788561 -0.0027420986 0.20453182 -0.00024248836 0.0030312366 0.9999948 -0.0011003664 1.7229842e-05 -0.20452774 0.0016970846 0.9788593 -0.03489426 0.0 0.0 0.0 1.0
09_000135 09_000138 0.99981195 0.0065023205 0.018269308 -0.0005221871 -0.006591867 0.99996656 0.004845548 0.0012253755 -0.01823719 -0.004965066 0.99982136 -0.07635361 0.0 0.0 0.0 1.0
06_000481 06_000479 0.99995863 -0.0024680726 -0.008751352 -0.00027009952 0.0024227488 0.9999836 -0.005185905 -0.0006257882 0.008764009 0.005164488 0.99994826 0.039787844 0.0 0.0 0.0 1.0
08_002291 08_002294 0.9999876 0.00061308005 0.004943679 0.00079271017 -0.00061000884 0.99999964 -0.0006227223 0.0010477102 -0.004944059 0.0006196989 0.9999876 -0.037987825 0.0 0.0 0.0 1.0
10_000839 10_000837 0.9999917 0.001816241 -0.0036361963 -8.050842e-06 -0.0018094723 0.9999966 0.001863902 -0.0010651979 0.0036395693 -0.0018573069 0.99999166 0.044576988 0.0 0.0 0.0 1.0
08_000569 08_000568 0.999998 -0.0015984545 -0.0012081796 -0.00019125725 0.001597919 0.9999986 -0.00044408056 -0.00023841768 0.0012088878 0.0004421491 0.99999917 0.0171259 0.0 0.0 0.0 1.0
02_002215 02_002219 0.9999913 -0.0033865143 -0.0024330085 -0.0020567575 0.0033773903 0.9999873 -0.0037444877 0.0038081189 0.0024456584 0.003736238 0.99999005 -0.10327014 0.0 0.0 0.0 1.0
02_001556 02_001558 0.99999964 -0.00086107367 -4.9820625e-05 -0.00011075649 0.00086104765 0.9999995 -0.00051997375 0.0011039304 5.0268336e-05 0.0005199307 0.9999999 -0.048807956 0.0 0.0 0.0 1.0
00_003118 00_003119 0.99970204 -5.2803236e-05 0.024410367 0.00036063232 0.00012959594 0.99999505 -0.003144334 0.00019407648 -0.02441008 0.0031465606 0.9996971 -0.011516476 0.0 0.0 0.0 1.0
10_001064 10_001063 0.9999982 -0.001083841 -0.00154525 -0.0001524894 0.0010853336 0.9999989 0.0009654548 -0.00028484582 0.001544202 -0.0009671302 0.99999833 0.019568302 0.0 0.0 0.0 1.0
05_001314 05_001310 0.9956598 0.006779192 0.09282009 0.003478274 -0.005996445 0.9999441 -0.008709248 -0.00085750734 -0.092873946 0.008114858 0.9956448 0.04464087 0.0 0.0 0.0 1.0
08_002062 08_002067 0.9999965 0.0025994834 -0.0004927289 -0.0006875823 -0.0025997132 0.9999965 -0.0004664343 0.0001978046 0.0004915147 0.00046771363 0.99999976 -0.06752131 0.0 0.0 0.0 1.0
05_000755 05_000750 0.9999422 0.004462734 0.009780597 -0.0005391905 -0.004430687 0.99998474 -0.0032957906 -0.0018180534 -0.009795156 0.0032522653 0.9999467 0.07789999 0.0 0.0 0.0 1.0
02_002155 02_002153 0.9999979 -0.0019855902 -0.00052635465 0.00030223117 0.0019869632 0.9999946 0.002620636 -0.0008128827 0.00052114826 -0.0026216763 0.9999964 0.050553832 0.0 0.0 0.0 1.0
00_003630 00_003625 0.99993896 -0.011042772 -0.00029078912 0.00038918632 0.011041533 0.9999312 -0.0039608986 -0.0016308258 0.0003345084 0.003957446 0.99999213 0.12561306 0.0 0.0 0.0 1.0
00_003040 00_003037 0.99997324 0.0025952056 0.006840649 -4.5596465e-05 -0.0025997849 0.9999964 0.00066064764 -0.0014953599 -0.00683891 -0.00067841413 0.9999764 0.06714839 0.0 0.0 0.0 1.0
09_000669 09_000666 0.99709594 -0.0071574 0.07581868 0.0031787923 0.007202746 0.999974 -0.00032464936 -0.0011527181 -0.07581439 0.00086980924 0.9971216 0.04820725 0.0 0.0 0.0 1.0
06_000187 06_000188 0.99999475 0.00018999331 0.0032284686 -8.400658e-06 -0.00019153046 0.9999999 0.00047581992 0.00047952853 -0.0032283778 -0.00047643576 0.9999947 -0.017489837 0.0 0.0 0.0 1.0
00_004395 00_004399 0.99962664 0.009885725 -0.025472961 -9.437837e-05 -0.009929779 0.9999494 -0.0016035149 0.001087443 0.025455821 0.001855857 0.9996742 -0.04735632 0.0 0.0 0.0 1.0
08_000709 08_000705 0.9850711 0.00783049 -0.17196976 -0.0062493477 -0.0075095855 0.99996865 0.0025165381 -0.00035558618 0.17198406 -0.0011875476 0.985099 0.02992152 0.0 0.0 0.0 1.0
01_000718 01_000717 0.99999976 0.00013004277 -0.00067819166 0.00020447692 -0.00013024191 0.99999994 -0.00029361332 -0.001199964 0.0006781535 0.00029370157 0.9999997 0.052574232 0.0 0.0 0.0 1.0
08_003299 08_003296 0.9999987 -0.0015186148 0.0005541286 -0.00059104717 0.0015198922 0.9999962 -0.0023122004 -0.0021842658 -0.0005506152 0.0023130395 0.9999972 0.0691049 0.0 0.0 0.0 1.0
05_002421 05_002426 0.9761225 0.004229664 0.21717967 -0.0018313489 -0.0036006258 0.9999881 -0.0032920297 0.00053757627 -0.21719101 0.0024314416 0.9761261 -0.061401855 0.0 0.0 0.0 1.0
08_000181 08_000178 0.9999834 0.005453805 -0.0018770339 -0.00037468912 -0.005445697 0.9999759 0.0042980155 -0.00035794397 0.0019004293 -0.004287722 0.999989 0.0750432 0.0 0.0 0.0 1.0
08_003363 08_003361 0.99847734 0.0011292004 -0.055152103 -0.0013870093 -0.0009833281 0.99999595 0.0026719754 -0.00040277792 0.055154897 -0.0026136744 0.99847436 0.035376694 0.0 0.0 0.0 1.0
05_000244 05_000239 0.99997574 0.0032465807 0.0061603375 -0.0007634441 -0.0032403963 0.9999942 -0.001013665 -0.003932578 -0.006163593 0.0009936785 0.9999805 0.076578945 0.0 0.0 0.0 1.0
01_000712 01_000714 0.9999994 2.6542206e-05 0.0010991798 -0.0004488386 -2.5004376e-05 0.99999905 -0.0013990598 0.001957289 -0.0010992159 0.0013990315 0.9999984 -0.10590838 0.0 0.0 0.0 1.0
07_000714 07_000717 0.99999976 -0.00010959609 0.00069158745 -0.0010313855 0.000109482695 1.0 0.00016399912 -0.0013209098 -0.0006916054 -0.00016392338 0.99999976 -0.0005670513 0.0 0.0 0.0 1.0
09_000414 09_000419 0.9999791 0.0016769476 0.006243733 7.2826966e-05 -0.0016108912 0.99994284 -0.010569663 0.0026816598 -0.0062611015 0.010559384 0.99992466 -0.09855579 0.0 0.0 0.0 1.0
00_000103 00_000101 0.99472046 0.0019355275 0.102603175 0.0025829691 -0.0015761157 0.9999923 -0.0035838867 -0.00062420755 -0.10260932 0.003403251 0.9947159 0.016373478 0.0 0.0 0.0 1.0
05_001846 05_001844 0.9977803 0.0019368646 -0.0665635 -0.0021231056 -0.0023225674 0.999981 -0.0057176137 -2.5198306e-05 0.06655116 0.0058595203 0.9977658 0.015726814 0.0 0.0 0.0 1.0
02_003693 02_003689 0.99978757 -0.014450403 -0.014695331 -9.473493e-05 0.014481266 0.9998931 0.001995948 -0.0029319136 0.014664918 -0.0022083311 0.99989 0.08796499 0.0 0.0 0.0 1.0
07_000773 07_000770 0.9995383 0.012367298 -0.02775376 -0.0014981247 -0.012357797 0.9999235 0.00051385094 -0.0005653695 0.027757991 -0.00017063839 0.99961466 0.055293184 0.0 0.0 0.0 1.0
03_000792 03_000789 0.9994285 0.016548535 -0.029474927 -0.00073955016 -0.016639449 0.99985754 -0.002841806 -0.00012306994 0.0294237 0.0033306286 0.9995615 0.004028208 0.0 0.0 0.0 1.0
00_002326 00_002325 0.99964064 0.00089500693 -0.026792226 -0.00065577397 -0.0008745769 0.99999934 0.00077424524 1.1807168e-05 0.0267929 -0.0007505351 0.9996407 0.011675908 0.0 0.0 0.0 1.0
00_001217 00_001222 0.9924692 0.007753694 0.122248895 -0.0008371862 -0.008421652 0.9999523 0.0049481555 -0.00022928053 -0.1222047 -0.0059404294 0.99248713 -0.056827042 0.0 0.0 0.0 1.0
08_001987 08_001986 0.9999639 -0.004600307 0.007149225 0.00039959664 0.0046248403 0.9999835 -0.0034189152 -0.0013304868 -0.007133379 0.0034518556 0.9999686 0.008310831 0.0 0.0 0.0 1.0
10_000984 10_000985 1.0 0.00018000115 -1.4620303e-05 -1.2706201e-05 -0.00018001226 0.9999997 -0.00076240156 1.8071376e-05 1.4483066e-05 0.0007624042 0.9999997 -0.003286384 0.0 0.0 0.0 1.0
05_001512 05_001507 0.99929637 -0.015397547 0.03420018 0.0020840329 0.015349965 0.9998808 0.0016534247 -0.0023217474 -0.034221563 -0.0011272897 0.9994136 0.07098596 0.0 0.0 0.0 1.0
10_000204 10_000199 0.99811184 0.013263303 -0.059973944 -0.004240529 -0.01378978 0.9998699 -0.008373064 -0.0019562289 0.059855085 0.009184282 0.99816483 0.07612701 0.0 0.0 0.0 1.0
02_004236 02_004232 0.9999608 0.008410183 -0.0027764074 4.9364036e-05 -0.00835697 0.99979115 0.018651547 -0.00026080804 0.0029326903 -0.018627612 0.9998222 0.099863626 0.0 0.0 0.0 1.0
01_000534 01_000531 0.9999877 0.0040942435 -0.0027896254 0.0006774332 -0.0041061733 0.9999824 -0.0042841234 -0.003213118 0.002772036 0.0042955256 0.99998695 0.1532251 0.0 0.0 0.0 1.0
06_000384 06_000383 0.9999986 -0.001668411 -8.116093e-05 -1.643129e-05 0.0016684995 0.999998 0.0011035914 -0.0004571351 7.931952e-05 -0.0011037253 0.9999994 0.02874321 0.0 0.0 0.0 1.0
05_001116 05_001113 0.99983466 -0.0063100546 -0.017054081 -0.0005364389 0.0061960337 0.99995816 -0.006730455 -0.0013385869 0.017095836 0.006623674 0.9998319 0.056473486 0.0 0.0 0.0 1.0
02_004317 02_004313 0.9998838 0.015143868 0.0017790782 -0.00072684576 -0.015145882 0.99988467 0.0011242935 -0.002873064 -0.0017618468 -0.0011511085 0.9999978 0.11287249 0.0 0.0 0.0 1.0
01_000855 01_000858 0.99998736 -0.0026086585 -0.0042910385 0.00079929305 0.0025909317 0.9999881 -0.0041314885 0.002942372 0.004301765 0.0041203187 0.99998224 -0.11732491 0.0 0.0 0.0 1.0
05_000322 05_000323 0.99999875 1.1063581e-05 0.0015757639 1.3786641e-05 -1.703684e-05 0.9999928 0.0037907439 0.00020462877 -0.0015757106 -0.003790766 0.9999916 -0.013805165 0.0 0.0 0.0 1.0
09_000905 09_000910 0.9999864 0.005194806 0.00039371377 0.0007919993 -0.0051956084 0.9999844 0.002065223 0.0032146147 -0.00038297917 -0.0020672404 0.9999978 -0.11446945 0.0 0.0 0.0 1.0
00_001728 00_001727 0.99999595 -0.0013760889 -0.0024866203 -6.714535e-06 0.0013829815 0.9999952 0.0027722945 -0.0001393005 0.0024827933 -0.0027757224 0.9999931 0.016868912 0.0 0.0 0.0 1.0
00_000351 00_000356 0.9998857 -9.303836e-05 -0.015119993 0.0018475922 0.00013973987 0.99999523 0.0030876982 -0.0001773563 0.015119634 -0.0030894582 0.9998809 -0.07076321 0.0 0.0 0.0 1.0
10_001194 10_001192 0.99999946 0.0010111255 -0.00024728963 -0.00013268944 -0.001010786 0.99999857 0.0013687727 -0.0004937552 0.00024867328 -0.001368522 0.99999905 0.004332037 0.0 0.0 0.0 1.0
00_002987 00_002988 0.99727774 0.0039408435 -0.07363128 -0.00062806386 -0.003956984 0.9999922 -7.333188e-05 0.00012575922 0.07363041 0.00036449003 0.99728554 -0.009777383 0.0 0.0 0.0 1.0
09_000261 09_000264 0.99641347 -0.010904526 -0.08391229 0.00469637 0.011401716 0.9999201 0.005448163 0.0012734776 0.08384618 -0.006385367 0.99645823 -0.089125566 0.0 0.0 0.0 1.0
00_002415 00_002416 0.99994034 -0.001078902 -0.010867572 -0.00018471843 0.0010832985 0.99999934 0.00039865964 0.00044149067 0.010867135 -0.00041040868 0.9999409 -0.013002797 0.0 0.0 0.0 1.0
09_000888 09_000889 0.9997856 -0.0022186898 0.020588132 0.00015023652 0.002206284 0.9999974 0.0006252622 0.0005397167 -0.020589463 -0.0005797049 0.99978787 -0.022905653 0.0 0.0 0.0 1.0
09_000699 09_000694 0.9924862 -0.013862906 0.121568784 0.007930004 0.01386207 0.99990356 0.00085265294 -0.0023167504 -0.12156888 0.00083894876 0.9925826 0.08604444 0.0 0.0 0.0 1.0
00_000405 00_000408 0.99848396 0.0055853557 0.05475913 -0.00047709022 -0.0058281412 0.9999739 0.004275008 -1.3534408e-05 -0.054733824 -0.004587671 0.99849045 -0.030955113 0.0 0.0 0.0 1.0
02_001923 02_001924 0.9999691 0.00042730992 0.007846377 -0.0003514968 -0.0004712643 0.9999842 0.0056008766 0.0002790753 -0.0078438595 -0.005604401 0.9999535 -0.027734842 0.0 0.0 0.0 1.0
02_003451 02_003454 0.9999576 -0.008167893 0.004240584 0.00032123667 0.008141271 0.99994725 0.0062576956 0.00058118097 -0.004291473 -0.006222907 0.99997145 -0.06109887 0.0 0.0 0.0 1.0
02_002127 02_002123 0.9999882 -0.0011960653 -0.004713639 -3.9812177e-05 0.0012050972 0.99999744 0.0019137238 -0.0013160778 0.0047113383 -0.0019193816 0.99998707 0.10602132 0.0 0.0 0.0 1.0
01_000592 01_000596 0.9999933 0.0032633136 0.0016507873 -0.0012123847 -0.0032682556 0.99999017 0.0029999828 0.0030726874 -0.0016409812 -0.003005358 0.99999416 -0.20829737 0.0 0.0 0.0 1.0
05_002095 05_002091 0.9933472 0.009791175 -0.114740424 -0.0040460974 -0.009982786 0.9999496 -0.0010954505 -0.00067459734 0.11472391 0.0022335919 0.9933949 0.022164145 0.0 0.0 0.0 1.0
00_004462 00_004461 0.9999983 0.0005522101 -0.0017836551 -8.831385e-05 -0.0005556942 0.9999979 -0.0019534691 6.085602e-05 0.0017825727 0.0019544568 0.9999965 0.01679926 0.0 0.0 0.0 1.0
05_001160 05_001165 0.9999954 -0.0019085048 0.0023485278 -0.00015414995 0.0018828425 0.999939 0.01088106 0.001422514 -0.0023691512 -0.010876588 0.9999381 -0.057421446 0.0 0.0 0.0 1.0
00_004254 00_004258 0.9999956 -0.0028736324 -0.0007597847 -3.333021e-05 0.0028799733 0.9999599 0.008480501 0.001166472 0.00073538435 -0.008482652 0.99996376 -0.105208926 0.0 0.0 0.0 1.0
00_003017 00_003022 0.9974057 0.012730163 -0.07085032 0.0016464003 -0.012175201 0.99989176 0.00825923 -0.00043433296 0.070947796 -0.0073751863 0.99745274 -0.09384611 0.0 0.0 0.0 1.0
09_000745 09_000749 0.9971664 0.0015529299 -0.07521131 0.0027958448 -0.0019531525 0.9999843 -0.005248048 0.0023400758 0.07520197 0.005380076 0.9971538 -0.08906211 0.0 0.0 0.0 1.0
04_000149 04_000151 0.9999854 0.005126559 0.0016991585 8.399042e-05 -0.0051265494 0.9999869 -1.0248839e-05 0.0009613064 -0.0016991887 1.5378698e-06 0.99999857 -0.05771632 0.0 0.0 0.0 1.0
05_001667 05_001670 0.99998873 0.0011732507 0.0046037007 0.00032028134 -0.0011534558 0.9999901 -0.0043000765 0.0013856152 -0.0046087 0.004294718 0.99998015 -0.06648056 0.0 0.0 0.0 1.0
00_001042 00_001041 0.9999778 -0.00657883 -0.0010043721 0.00030412961 0.00656947 0.9999374 -0.009054283 -0.0002384659 0.001063876 0.009047484 0.9999585 0.0187057 0.0 0.0 0.0 1.0
08_001679 08_001680 0.99998826 -0.004743037 -0.0009781852 0.00013453147 0.0047433767 0.9999887 0.00034535996 0.00035882145 0.0009765361 -0.0003499958 0.99999946 -0.02001091 0.0 0.0 0.0 1.0
05_001316 05_001313 0.99883324 0.0053084884 0.048000194 0.0013494602 -0.0050662793 0.99997383 -0.005166261 -0.000427359 -0.04802636 0.0049170507 0.99883395 0.035974402 0.0 0.0 0.0 1.0
00_002253 00_002258 0.99926865 0.0035313359 -0.03807467 -0.0016995233 -0.002615689 0.9997068 0.024071762 -0.000115810384 0.03814851 -0.023954567 0.99898493 -0.028439026 0.0 0.0 0.0 1.0
02_002884 02_002887 0.9998894 -0.0037928084 0.014380856 0.00013492943 0.0037983349 0.9999927 -0.00035700866 0.0016589069 -0.014379398 0.00041159248 0.9998965 -0.0716372 0.0 0.0 0.0 1.0
05_000006 05_000001 0.9999485 -0.006340304 -0.007923775 -0.000574826 0.006280809 0.9999521 -0.0075108716 -0.0015636843 0.007971017 0.007460717 0.9999404 0.056501154 0.0 0.0 0.0 1.0
00_000387 00_000388 0.99998397 0.005549144 0.001103515 -0.00044890383 -0.0055559343 0.9999651 0.006248699 0.00053193804 -0.0010688016 -0.00625473 0.99997985 -0.013480318 0.0 0.0 0.0 1.0
00_001654 00_001649 0.999909 -0.00065725244 0.013477061 0.0013786461 0.00045574617 0.9998881 0.014949422 -0.00077793445 -0.013485379 -0.01494192 0.9997974 0.09159659 0.0 0.0 0.0 1.0
07_000354 07_000356 0.9999881 0.0014863497 0.0046536755 0.000116617084 -0.0014830556 0.9999986 -0.0007112219 0.0004152953 -0.0046547265 0.00070431177 0.9999889 -0.030506775 0.0 0.0 0.0 1.0
02_002345 02_002341 0.9999602 0.004391048 -0.007770856 -0.0014081005 -0.004361109 0.999983 0.0038655438 -0.0017542891 0.007787698 -0.0038315002 0.99996233 0.10277671 0.0 0.0 0.0 1.0
10_000807 10_000806 0.99999547 0.0029938454 -0.00034020233 -0.00013377477 -0.0029938945 0.9999955 -0.00014414961 -0.0004790059 0.00033976923 0.00014516749 0.99999994 0.030125374 0.0 0.0 0.0 1.0
07_000682 07_000679 0.9999999 -0.000107025255 -0.0004724451 6.733882e-05 0.00010702335 1.0 -4.0633217e-06 0.0003306338 0.00047244554 4.0127584e-06 0.9999999 9.173372e-05 0.0 0.0 0.0 1.0
00_002513 00_002514 0.9999981 -0.0019265849 -0.00021910145 0.00034511916 0.0019271328 0.99999493 0.0025290712 -0.00033670294 0.00021422787 -0.0025294886 0.9999968 -0.020989731 0.0 0.0 0.0 1.0
09_000649 09_000648 0.9999856 -0.0017762114 0.005071786 8.408511e-05 0.0017837636 0.9999973 -0.001484942 -0.0003400528 -0.0050691348 0.0014939675 0.99998605 0.015872946 0.0 0.0 0.0 1.0
08_002477 08_002472 0.9925272 -0.024011783 0.11963786 0.0049218517 0.024747642 0.99968284 -0.004668594 -0.00054976693 -0.119487815 0.0075944616 0.9928066 0.029371442 0.0 0.0 0.0 1.0
09_001451 09_001455 0.9999554 -0.00923073 0.0019964776 -0.00016562201 0.009222038 0.99994814 0.004320227 0.0015769489 -0.002036253 -0.0043016225 0.9999887 -0.11916863 0.0 0.0 0.0 1.0
00_004492 00_004497 0.99991566 -0.006355604 -0.011328173 0.00019121198 0.0063993647 0.99997216 0.003830965 0.0021589592 0.01130351 -0.0039031347 0.9999285 -0.112245105 0.0 0.0 0.0 1.0
09_001032 09_001036 0.9997382 -0.010256488 0.020451592 -0.00015843981 0.009988139 0.99986327 0.013180393 0.0011864393 -0.02058398 -0.01297267 0.99970394 -0.0814876 0.0 0.0 0.0 1.0
08_003546 08_003542 0.9998282 0.018502427 0.0010677325 0.00013790217 -0.018512905 0.9997701 0.010818593 -0.0010238864 -0.0008673168 -0.010836502 0.99994093 0.08389903 0.0 0.0 0.0 1.0
07_000440 07_000437 0.9999889 -0.0045386804 -0.0012314459 -0.0005093296 0.0045410744 0.9999878 0.0019480457 -0.001545036 0.0012225893 -0.0019536163 0.9999973 0.044538606 0.0 0.0 0.0 1.0
07_000131 07_000135 0.97614795 0.0262875 -0.21550904 -0.0012913682 -0.026370019 0.99964917 0.0024928718 0.00071049883 0.21549897 0.0032495658 0.97649866 -0.034795273 0.0 0.0 0.0 1.0
08_003920 08_003918 0.999995 -0.002595761 0.0018143022 0.00022404897 0.0025919706 0.99999446 0.0020885286 -0.0009142906 -0.0018197134 -0.0020838156 0.9999962 0.042877406 0.0 0.0 0.0 1.0
02_000281 02_000284 0.9943318 0.008333162 0.10599479 -0.0032185104 -0.0076065734 0.99994475 -0.0072573763 0.001348991 -0.10604941 0.0064099827 0.9943402 -0.07056144 0.0 0.0 0.0 1.0
10_000607 10_000603 0.99738413 -0.007491547 0.07189404 0.0020494685 0.0076294835 0.99996954 -0.0016441862 -0.0014087916 -0.071879536 0.0021883997 0.9974109 0.050137714 0.0 0.0 0.0 1.0
02_000418 02_000413 0.9848757 0.007287267 0.17310926 0.010343693 -0.007314041 0.9999731 -0.0004832246 -0.00142301 -0.17310813 -0.000790212 0.9849025 0.109401606 0.0 0.0 0.0 1.0
07_000996 07_001001 0.9999799 -0.00077268144 -0.0062947744 -0.00029247114 0.0007769756 0.99999946 0.0006797656 0.0009910706 0.006294246 -0.0006846428 0.99998 -0.046288144 0.0 0.0 0.0 1.0
05_001765 05_001770 0.99930674 -0.021535162 -0.030368397 0.0028411841 0.02154512 0.9997679 6.5908245e-07 0.002149592 0.030361332 -0.00065494934 0.9995388 -0.07958155 0.0 0.0 0.0 1.0
02_000326 02_000331 0.99756664 0.012947446 0.068506986 -0.0044297795 -0.012873037 0.99991596 -0.0015275255 0.0010613443 -0.06852101 0.0006419155 0.9976495 -0.1291603 0.0 0.0 0.0 1.0
00_000773 00_000776 0.999943 0.004317256 -0.009761841 -0.00023680521 -0.0043336283 0.9999892 -0.0016566323 0.0006049558 0.009754583 0.001698842 0.999951 -0.05126572 0.0 0.0 0.0 1.0
06_000099 06_000094 0.9997132 0.002770026 -0.0237888 -0.0015557881 -0.00277066 0.9999962 6.3108682e-06 -0.0026933393 0.023788726 5.9601614e-05 0.999717 0.122086525 0.0 0.0 0.0 1.0
05_001105 05_001104 0.9999688 -0.004648794 0.0063810064 0.00028021252 0.0046412847 0.9999885 0.0011911173 -0.0003727679 -0.00638647 -0.0011614641 0.99997896 0.018960334 0.0 0.0 0.0 1.0
00_002208 00_002209 0.99999136 -0.0041051805 0.00062886527 5.3834916e-05 0.0041048243 0.9999914 0.00056684384 0.00011651936 -0.0006311869 -0.00056425756 0.99999964 -0.01832274 0.0 0.0 0.0 1.0
02_001283 02_001281 0.99991906 0.004888569 0.011745974 -0.00018520442 -0.0048839403 0.99998796 -0.00042269673 -0.0008711723 -0.011747899 0.00036529585 0.9999309 0.029686049 0.0 0.0 0.0 1.0
02_003243 02_003240 0.99995863 0.0029582959 0.008602072 -4.02197e-05 -0.0031077024 0.99984366 0.017407477 -0.0007416433 -0.00854923 -0.01743349 0.9998115 0.06817376 0.0 0.0 0.0 1.0
00_001299 00_001296 0.9999696 0.003073766 0.007162748 0.0009770627 -0.0030529813 0.9999911 -0.002910889 -6.607313e-05 -0.0071716313 0.0028889328 0.99997014 0.043838706 0.0 0.0 0.0 1.0
08_002212 08_002215 0.9999754 0.0027851579 0.0064376025 0.0007542215 -0.002748506 0.99998003 -0.005695255 0.0009936036 -0.006453336 0.005677421 0.99996305 -0.05470733 0.0 0.0 0.0 1.0
08_003984 08_003979 0.9991986 -0.013242344 0.037772227 0.002397494 0.013242882 0.99991226 0.0002359865 -0.0015640913 -0.03777204 0.00026441575 0.99928635 0.050518997 0.0 0.0 0.0 1.0
02_002314 02_002319 0.9999573 -0.0084641855 0.003697926 0.0010155356 0.008449593 0.99995655 0.0039441283 0.0021576956 -0.003731149 -0.0039127143 0.9999854 -0.13448276 0.0 0.0 0.0 1.0
10_001167 10_001171 1.0 -0.00015118149 0.000158079 -0.00011306588 0.00015125607 0.9999999 -0.00047191666 -0.0003817813 -0.00015800764 0.00047194056 0.9999999 -0.0027890499 0.0 0.0 0.0 1.0
08_001830 08_001835 0.9788137 -0.008522496 0.20457536 0.0015294603 0.0077002766 0.99995875 0.004814888 0.0016691282 -0.20460795 -0.0031375915 0.978839 -0.029821685 0.0 0.0 0.0 1.0
05_001455 05_001451 0.99995655 -0.004410128 -0.008216003 -0.0006717018 0.004408719 0.9999903 -0.00018962691 -0.0017384741 0.008216759 0.00015339661 0.9999662 0.09215832 0.0 0.0 0.0 1.0
10_000000 10_000001 0.9998803 -0.001365955 -0.01540895 -0.00020294129 0.0013815704 0.99999857 0.0010028007 -1.1813512e-05 0.015407558 -0.0010239691 0.9998808 -0.00253798 0.0 0.0 0.0 1.0
07_000715 07_000710 1.0 -8.94161e-05 7.3796145e-05 6.812608e-05 8.9416346e-05 1.0 -3.2800845e-06 8.718804e-05 -7.3795854e-05 3.286683e-06 1.0 1.7713643e-05 0.0 0.0 0.0 1.0
02_000890 02_000886 0.99998134 0.0007824946 -0.006054658 -0.000104265986 -0.00078610214 0.9999995 -0.00059346796 0.00025153477 0.006054191 0.0005982165 0.9999815 0.057924155 0.0 0.0 0.0 1.0
08_002378 08_002383 0.9999132 -0.004094832 -0.012523104 0.0001719396 0.0040920377 0.9999916 -0.00024873723 -0.00016308752 0.012524018 0.00019747062 0.99992156 -0.048073526 0.0 0.0 0.0 1.0
08_001587 08_001592 0.9986697 -0.0068232324 0.05111114 0.0004667341 0.006486764 0.9999562 0.0067460644 0.0015921093 -0.05115493 -0.006405544 0.99867016 -0.03532561 0.0 0.0 0.0 1.0
06_001041 06_001046 0.9999885 0.0011237194 -0.0046685203 0.0005340699 -0.0011696598 0.9999508 -0.00984941 0.0019464458 0.004657223 0.009854757 0.9999406 -0.07818805 0.0 0.0 0.0 1.0
00_001143 00_001142 0.999348 0.00053812296 -0.036101125 -0.00060903956 -0.0005312093 0.9999998 0.00020109928 -0.00017160889 0.03610123 -0.00018179089 0.9993481 0.0138173355 0.0 0.0 0.0 1.0
00_001426 00_001422 0.9969799 -0.0005427752 0.077658415 0.003333953 0.00062241213 0.9999993 -0.0010012767 -0.0005419766 -0.07765781 0.0010465883 0.99697953 0.05443014 0.0 0.0 0.0 1.0
03_000594 03_000589 0.99975586 0.0043406016 -0.021665903 0.00062072347 -0.004124016 0.9999412 0.01003132 0.002039855 0.02170817 -0.009939521 0.9997149 0.090934835 0.0 0.0 0.0 1.0
00_004302 00_004301 0.99999964 0.00084478135 -0.00012387725 6.535147e-05 -0.00084509933 0.9999963 -0.002590029 -0.0004979656 0.00012168879 0.0025901326 0.99999666 0.026594855 0.0 0.0 0.0 1.0
08_003254 08_003255 0.9999997 0.00059121975 -0.00054659526 -0.0004275263 -0.0005910266 0.99999976 0.00035344125 0.00022926109 0.00054680405 -0.00035311808 0.99999976 -0.01850946 0.0 0.0 0.0 1.0
01_000637 01_000634 0.99999595 -0.00090541446 -0.0027022224 0.0006791209 0.000892679 0.9999885 -0.004710462 -0.0033019083 0.0027064565 0.0047080303 0.9999853 0.16282384 0.0 0.0 0.0 1.0
00_004473 00_004478 0.99981755 0.002377376 0.018952578 -0.0007397995 -0.0021422063 0.9999206 -0.012418977 0.0022742087 -0.018980596 0.01237611 0.9997432 -0.10209564 0.0 0.0 0.0 1.0
03_000604 03_000599 0.99892205 0.0035932667 -0.046279803 -0.001736751 -0.0035491185 0.99999315 0.0010360752 0.0009854601 0.04628321 -0.0008707059 0.99892795 0.090856776 0.0 0.0 0.0 1.0
